0.5161162,0.075771324,-1.8951654
0.5161162,0.075771324,-1.8951654
0.5161162,0.075771324,-1.8951654
0.5161115,0.075798854,-1.8952982
0.51596856,0.07583591,-1.8956517
0.5159321,0.07586389,-1.8957088
0.5159219,0.075878985,-1.8957684
0.5158469,0.07587982,-1.8959231
0.51576746,0.075884245,-1.8961478
0.51572585,0.0759355,-1.8964243
0.5156965,0.075929254,-1.89676
0.5157625,0.075828254,-1.8967853
0.5158194,0.07581046,-1.8969122
0.51586735,0.07564982,-1.8964309
0.5158955,0.07559218,-1.8962529
0.5158061,0.0754979,-1.8959396
0.5157872,0.075543195,-1.8960687
0.5157853,0.07560389,-1.8962586
0.51571774,0.07556212,-1.896443
0.51567596,0.07551321,-1.8964643
0.51568216,0.07550582,-1.8964977
0.51572317,0.0751331,-1.8959025
0.51575845,0.075068496,-1.8958637
0.51561385,0.0749429,-1.8958652
0.5155881,0.07489293,-1.8958504
0.5155853,0.07489354,-1.8958725
0.5155407,0.07484362,-1.8958597
0.51515293,0.075068854,-1.9001945
0.51437235,0.07523699,-1.9191703
0.5134203,0.07506589,-1.948762
0.51386863,0.07520622,-1.9767717
0.51539963,0.076605424,-2.0225952
0.520918,0.07727828,-2.0767415
0.5316337,0.07843039,-2.1375198
0.54583335,0.080564596,-2.1853151
0.5706322,0.083728135,-2.2545285
0.59436667,0.08583109,-2.3105402
0.6341382,0.08862837,-2.398802
0.653939,0.09025353,-2.4488988
0.6790959,0.09082922,-2.5106032
0.6981043,0.09092399,-2.5540304
0.72003603,0.091726676,-2.6086862
0.7395631,0.092996135,-2.6624613
0.76356167,0.093513325,-2.7244933
0.78367513,0.09411874,-2.776255
0.8048837,0.092750445,-2.8493602
0.82002234,0.09224059,-2.9099047
0.83760506,0.08986013,-2.994398
0.8474941,0.09096717,-3.0888214
0.84832424,0.08978076,-3.182438
0.8467712,0.08911953,-3.2561784
0.8458298,0.09119651,-3.3890028
0.8484875,0.09025061,-3.457725
0.84897685,0.09070954,-3.5276065
0.85208297,0.093821704,-3.6113386
0.85594285,0.098428674,-3.6905277
0.8556607,0.09943809,-3.747971
0.862205,0.107723445,-3.8305774
0.867415,0.11218348,-3.918199
0.87168026,0.11439082,-3.9873676
0.87638164,0.11911083,-4.0846524
0.8781962,0.12127793,-4.187526
0.88075984,0.12720758,-4.2684293
0.8821869,0.13362902,-4.3791847
0.8828191,0.13692461,-4.4562445
0.8847363,0.14211968,-4.554621
0.88491625,0.14486884,-4.6459064
0.884308,0.15048824,-4.7310543
0.88390297,0.15333864,-4.7930493
0.8833224,0.15659231,-4.877234
0.8838991,0.15807538,-4.962676
0.88345647,0.15973434,-5.032128
0.8858468,0.16190508,-5.1283507
0.89199734,0.16414852,-5.228778
0.89184636,0.16633435,-5.308285
0.8965183,0.167692,-5.42041
0.8989656,0.1680736,-5.53766
0.90176976,0.1683877,-5.6277757
0.9011347,0.16692671,-5.7528343
0.9007901,0.16932659,-5.8793406
0.900404,0.16851869,-5.9733644
0.8995179,0.16839255,-6.0916486
0.8991677,0.17029181,-6.202182
0.89716756,0.1687031,-6.303275
0.89608914,0.16860901,-6.3751826
0.8932178,0.16843726,-6.4659925
0.8922359,0.17022777,-6.53493
0.8909369,0.17112282,-6.632385
0.88752156,0.17441064,-6.735403
0.88406247,0.17750086,-6.8426437
0.87939924,0.17994165,-6.925692
0.8744671,0.18708025,-7.0435133
0.86269486,0.18835726,-7.1598206
0.853545,0.19202219,-7.2466645
0.84187376,0.1962595,-7.3555007
0.8308194,0.1992352,-7.45738
0.8293501,0.20667422,-7.5323586
0.819381,0.20948306,-7.6244864
0.8162503,0.21731037,-7.716868
0.80995846,0.22214842,-7.804109
0.80354273,0.22371739,-7.862722
0.79467785,0.22662704,-7.941069
0.7843748,0.22877142,-7.9981894
0.76915526,0.22999229,-8.08269
0.7465446,0.23190655,-8.172482
0.71359783,0.23407653,-8.259357
0.6851222,0.23542267,-8.314923
0.64105165,0.23606259,-8.379062
0.6072389,0.23625983,-8.420659
0.5609619,0.23656745,-8.465526
0.5150416,0.23651649,-8.498518
0.47245124,0.23604219,-8.527478
0.44325697,0.23422648,-8.543959
0.40784916,0.23258716,-8.562547
0.38130912,0.2315783,-8.581299
0.34247887,0.23102817,-8.597932
0.29748404,0.22785003,-8.614956
0.24290207,0.22650109,-8.631155
0.19441575,0.22644539,-8.640069
0.1228202,0.22605577,-8.648679
0.050860435,0.22458558,-8.652139
0.0028584898,0.22431833,-8.648447
-0.06251556,0.22315206,-8.640195
-0.12476319,0.22275917,-8.622735
-0.16952157,0.22246163,-8.605541
-0.22029334,0.22525063,-8.583583
-0.25439858,0.2256061,-8.567451
-0.29354987,0.23041804,-8.548839
-0.32821465,0.23413582,-8.53012
-0.36440247,0.23622994,-8.511171
-0.3880461,0.23881155,-8.492557
-0.42443958,0.23886603,-8.462613
-0.46211284,0.237721,-8.423122
-0.49007273,0.23497128,-8.368645
-0.5208152,0.23450902,-8.328129
-0.5419465,0.2318817,-8.257773
-0.55847,0.23017225,-8.203402
-0.57249033,0.2281889,-8.135477
-0.5751761,0.22364457,-8.07583
-0.5767069,0.22278665,-8.036823
-0.5790105,0.21761008,-7.986132
-0.5874791,0.2120111,-7.94134
-0.58415794,0.21060136,-7.915586
-0.58542633,0.20673162,-7.884578
-0.5792215,0.20556101,-7.868897
-0.57070947,0.20091978,-7.830048
-0.55722034,0.19964705,-7.8038964
-0.53769505,0.1938847,-7.759641
-0.5254252,0.19156109,-7.7287908
-0.51908803,0.19469893,-7.7042823
-0.49014956,0.18710348,-7.6843467
-0.4673602,0.18789394,-7.656446
-0.4444455,0.17997065,-7.6059794
-0.42934352,0.18126526,-7.5754304
-0.41512382,0.17991269,-7.565376
-0.4173866,0.17911756,-7.5445304
-0.4123165,0.17549574,-7.5439305
-0.4087066,0.17220135,-7.5503535
-0.40739024,0.17059843,-7.545941
-0.40267283,0.16880165,-7.539515
-0.39796084,0.16673481,-7.539024
-0.4040345,0.17313397,-7.5216146
-0.40231502,0.17234817,-7.5228086
-0.40530092,0.17773981,-7.5155587
-0.40673238,0.1821247,-7.514149
-0.4070446,0.18354246,-7.514216
-0.4098787,0.18873623,-7.5157466
-0.41080686,0.19023702,-7.5164924
-0.4113983,0.1905851,-7.5167575
-0.41337848,0.19098493,-7.5196567
-0.41369334,0.19128725,-7.5201316
-0.4131561,0.19194487,-7.5209184
-0.4140492,0.1918603,-7.5216584
-0.41492805,0.19210926,-7.522063
-0.41538438,0.19227116,-7.522259
-0.41608453,0.19251406,-7.522654
-0.4164611,0.19265789,-7.5228276
-0.4164887,0.19255105,-7.523086
-0.41591024,0.19221176,-7.52286
-0.41587126,0.19223063,-7.522821
-0.41564393,0.19206315,-7.522985
-0.4156721,0.19215104,-7.5230184
-0.4157989,0.19221781,-7.523354
-0.4159127,0.19231619,-7.523578
-0.4159687,0.19237301,-7.523642
-0.41592738,0.19238271,-7.523784
-0.4159053,0.19242133,-7.5238833
-0.4158299,0.19242594,-7.5239882
-0.41576526,0.19243087,-7.5240827
-0.4157445,0.19244099,-7.52416
-0.415701,0.19245474,-7.5241866
-0.4157287,0.19249348,-7.5242248
-0.4156819,0.19258647,-7.524136
-0.4156042,0.19265953,-7.524078
-0.41562855,0.19272019,-7.524051
-0.4155706,0.19281375,-7.524039
-0.41548944,0.19283646,-7.5240493
-0.41544563,0.19287166,-7.5240445
-0.41530412,0.19279534,-7.524115
-0.41527268,0.19285975,-7.524097
-0.41527143,0.19292031,-7.5240855
-0.41528058,0.19302365,-7.5240645
-0.41529942,0.19314405,-7.524033
-0.4153115,0.19325103,-7.52401
-0.4152893,0.19324084,-7.5240264
-0.4152745,0.19331494,-7.524034
-0.41521436,0.19329159,-7.5240874
-0.415184,0.19343138,-7.5241027
-0.4151411,0.19354047,-7.524093
-0.41515607,0.19362107,-7.5240607
-0.41509396,0.19375256,-7.5240483
-0.41507965,0.19397761,-7.524137
-0.41517064,0.19402151,-7.5244565
-0.41513422,0.19415328,-7.524532
-0.41527665,0.19420905,-7.5248847
-0.41534984,0.19409618,-7.524776
-0.41545856,0.19391565,-7.5245814
-0.41542017,0.1935705,-7.5244727
-0.41543078,0.19361314,-7.5244384
-0.41541994,0.19367215,-7.524423
-0.415386,0.19371845,-7.5244308
-0.4153261,0.19379234,-7.5244327
-0.41529995,0.19363469,-7.524508
-0.41530654,0.193643,-7.5245156
-0.4153555,0.19366196,-7.5245013
-0.4152733,0.19365051,-7.5244203
-0.4152376,0.19367597,-7.5243993
-0.41519973,0.19372149,-7.524381
-0.4151614,0.19374153,-7.524345
-0.41514567,0.19382559,-7.524339
-0.41505185,0.19390975,-7.5243306
-0.41495857,0.19406995,-7.5243382
-0.41493067,0.19414982,-7.524342
-0.4149559,0.194088,-7.524367
-0.41508353,0.1939125,-7.5243278
-0.4151721,0.19382565,-7.524299
-0.415147,0.1938352,-7.524263
-0.41516855,0.19388068,-7.5242467
-0.4151457,0.19391473,-7.524199
-0.4151455,0.1940166,-7.5241456
-0.41514567,0.19409494,-7.5241094
-0.41477108,0.19428876,-7.5237575
-0.4138101,0.19417305,-7.5226245
-0.41362774,0.19455935,-7.517389
-0.41337496,0.19468144,-7.5084243
-0.40979058,0.19537345,-7.4891667
-0.40260732,0.19654709,-7.4617066
-0.39442444,0.19695225,-7.4408956
-0.37893087,0.19668475,-7.4052577
-0.36434454,0.19517867,-7.3662295
-0.3535391,0.19270067,-7.334249
-0.335559,0.19072758,-7.2922053
-0.3223868,0.18813647,-7.2419496
-0.3034944,0.19205835,-7.1804338
-0.29039264,0.20122993,-7.1388416
-0.28897893,0.2002938,-7.096709
-0.2945218,0.19581392,-7.0703936
-0.30056044,0.18455365,-7.0467343
-0.27989292,0.1792062,-7.024828
-0.27167544,0.17776059,-6.993602
-0.2649727,0.17472129,-6.968192
-0.26078618,0.17306326,-6.9454966
-0.25646865,0.1730257,-6.9298387
-0.2501413,0.17175663,-6.90069
-0.2541117,0.16917032,-6.861854
-0.25814363,0.1694651,-6.8084717
-0.25369442,0.16873048,-6.7648687
-0.25816473,0.17032762,-6.698439
-0.2562616,0.16900696,-6.643471
-0.27012485,0.17271622,-6.565151
-0.28098798,0.17896329,-6.4919066
-0.29065478,0.18568383,-6.440369
-0.30098897,0.19315061,-6.378096
-0.3072967,0.19510965,-6.3175015
-0.31221265,0.19532475,-6.2752624
-0.316965,0.19661428,-6.2232285
-0.3203485,0.19746266,-6.173734
-0.32925066,0.19690806,-6.1381354
-0.3303815,0.1972187,-6.1064224
-0.33669803,0.19693403,-6.0839667
-0.34566724,0.19699919,-6.073039
-0.34769088,0.19752213,-6.051248
-0.35785666,0.19385819,-6.050883
-0.3579953,0.19413581,-6.0365763
-0.36412537,0.19065587,-6.0487876
-0.3703804,0.18748127,-6.0614343
-0.37091106,0.18711618,-6.0580707
-0.37471664,0.18403323,-6.085754
-0.37599882,0.18334407,-6.1149917
-0.37583262,0.18322624,-6.1148357
-0.37712663,0.1829688,-6.124582
-0.37709466,0.18280536,-6.1240764
-0.3758001,0.18243684,-6.129647
-0.3757875,0.18277001,-6.1312222
-0.37658048,0.1831476,-6.1317825
-0.3768803,0.18329881,-6.13129
-0.37707955,0.18326594,-6.1294475
-0.37699464,0.1832149,-6.1281652
-0.37770918,0.18338987,-6.1247706
-0.3780798,0.18328734,-6.1198397
-0.37817556,0.18317491,-6.1173153
-0.37810835,0.18288362,-6.1139717
-0.37799525,0.18281932,-6.113074
-0.37806654,0.18268831,-6.1098285
-0.3780999,0.182887,-6.1073103
-0.37791747,0.18288499,-6.1063747
-0.37814835,0.18288462,-6.1038866
-0.3784963,0.18278384,-6.1035495
-0.378752,0.18270385,-6.1034937
-0.3794048,0.18264586,-6.1034627
-0.37942132,0.18264377,-6.103408
-0.37817097,0.18115413,-6.1100783
-0.3768497,0.1791394,-6.1178646
-0.37664002,0.17887758,-6.118957
-0.37644607,0.17777562,-6.121754
-0.37657356,0.17746575,-6.122581
-0.37666985,0.17728138,-6.1231003
-0.37704208,0.17710632,-6.123823
-0.37707466,0.17710122,-6.1239104
-0.37740803,0.17703459,-6.124332
-0.3776261,0.17702167,-6.1244783
-0.37775922,0.1769969,-6.124554
-0.3780377,0.17701328,-6.1246796
-0.37806708,0.17702447,-6.1246333
-0.37835968,0.17703268,-6.1247163
-0.37855387,0.17708512,-6.1247044
-0.37857062,0.17708805,-6.124633
-0.37878636,0.17713949,-6.124695
-0.37879738,0.17714733,-6.1246157
-0.37897637,0.17715952,-6.1246476
-0.37911826,0.17713164,-6.124797
-0.3791213,0.17711174,-6.124723
-0.37923717,0.17713161,-6.124855
-0.37937626,0.17714907,-6.124973
-0.3794561,0.17715494,-6.1249695
-0.37954792,0.17714116,-6.124934
-0.37959847,0.17715439,-6.1248584
-0.37963894,0.17713752,-6.124804
-0.37970084,0.17717238,-6.1246963
-0.37967208,0.1772245,-6.1246047
-0.37965947,0.17730452,-6.1244493
-0.37961856,0.1772918,-6.1245
-0.37954736,0.17733546,-6.124431
-0.37952703,0.17732629,-6.1245546
-0.3796572,0.17711492,-6.1248746
-0.3797028,0.17700791,-6.124955
-0.37988842,0.17692,-6.1251144
-0.37987918,0.17692173,-6.125075
-0.3798806,0.17693037,-6.125072
-0.37988824,0.1769514,-6.1250715
-0.37990272,0.17695062,-6.1249943
-0.37990806,0.17696933,-6.124948
-0.3799129,0.17699605,-6.1248703
-0.37993428,0.17698653,-6.124997
-0.37994057,0.17700425,-6.125044
-0.37996435,0.17704043,-6.1249704
-0.37995166,0.1770468,-6.1250505
-0.3799451,0.17703517,-6.1251316
-0.37994313,0.17701147,-6.1251864
-0.3799109,0.17698447,-6.12529
-0.37989748,0.17699574,-6.125248
-0.37988544,0.17700195,-6.125207
-0.37988004,0.17701437,-6.1251516
-0.37984252,0.17702386,-6.1250496
-0.37979853,0.17701681,-6.1250677
-0.3797512,0.17699657,-6.12498
-0.3797247,0.17697676,-6.124895
-0.37964255,0.1769691,-6.1247587
-0.37957984,0.17693458,-6.124586
-0.37952113,0.17690459,-6.124486
-0.3794933,0.17689888,-6.1244855
-0.37943497,0.17688376,-6.124422
-0.3796044,0.17698754,-6.124824
-0.3796315,0.1770018,-6.124794
-0.37974107,0.17704941,-6.1249657
-0.37976474,0.1770789,-6.1248264
-0.37980986,0.17707048,-6.124675
-0.37986192,0.17705902,-6.124292
-0.37989777,0.17708078,-6.124061
-0.37996382,0.17713626,-6.1239257
-0.38004404,0.17720096,-6.1237025
-0.37980765,0.17727354,-6.1238027
-0.37967366,0.1775318,-6.122728
-0.37963766,0.17755435,-6.12253
-0.37973893,0.1774479,-6.1231794
-0.3798018,0.17730622,-6.1240363
-0.37999004,0.17720485,-6.124938
-0.3800171,0.17719288,-6.125136
-0.38014397,0.17717604,-6.1253424
-0.38018247,0.17720333,-6.125451
-0.3801793,0.17723213,-6.1254525
-0.38026357,0.17736277,-6.1255336
-0.38026148,0.17748193,-6.125467
-0.38033956,0.17757027,-6.1253657
-0.38045388,0.17761207,-6.12533
-0.3804872,0.17761223,-6.1252427
-0.38064167,0.17761415,-6.125169
-0.3806953,0.17763464,-6.1250734
-0.3806904,0.17762351,-6.1248946
-0.38070387,0.1776139,-6.125189
-0.38075617,0.17758963,-6.125418
-0.3807543,0.17761977,-6.1253486
-0.38081634,0.17754613,-6.125384
-0.38086572,0.17751317,-6.1252785
-0.38085276,0.17751981,-6.125159
-0.38093394,0.17750174,-6.1250744
-0.38098526,0.17750338,-6.124958
-0.38100198,0.17749713,-6.124853
-0.38106424,0.17747663,-6.124872
-0.38108483,0.17744152,-6.1249905
-0.38106006,0.17744164,-6.1250043
-0.38114232,0.17740874,-6.125132
-0.38119072,0.1774015,-6.1251807
-0.38122267,0.1774171,-6.1251955
-0.38126934,0.17742595,-6.125257
-0.38128716,0.1774805,-6.125211
-0.38131183,0.17747395,-6.125229
-0.38133174,0.17743345,-6.1252713
-0.3813445,0.17744473,-6.1252327
-0.3813348,0.17738563,-6.1252723
-0.3813445,0.1773527,-6.125219
-0.38135546,0.17729533,-6.1252265
-0.3813821,0.17724541,-6.125139
-0.38140428,0.17718694,-6.125037
-0.3814475,0.17715698,-6.125082
-0.38146418,0.17715243,-6.125036
-0.38147473,0.17720057,-6.125056
-0.38146126,0.1772891,-6.12517
-0.3814429,0.1773666,-6.125217
-0.381463,0.17738388,-6.125299
-0.38147944,0.17741233,-6.1252627
-0.38148564,0.17744818,-6.125198
-0.38152117,0.17747469,-6.1251507
-0.3814789,0.17737241,-6.125312
-0.38145846,0.17735471,-6.125278
-0.38142076,0.17731842,-6.125362
-0.3813852,0.17732507,-6.1252995
-0.3813408,0.17735642,-6.125229
-0.38130188,0.17738783,-6.1251173
-0.3812479,0.17739584,-6.125024
-0.38129336,0.17737548,-6.1250505
-0.38129878,0.17738011,-6.125077
-0.3813076,0.17738931,-6.1250906
-0.381338,0.17738394,-6.1252136
-0.3813353,0.17737426,-6.125242
-0.381342,0.17736597,-6.125184
-0.3813485,0.17736389,-6.1251817
-0.38135627,0.17739251,-6.1252303
-0.38137367,0.17741515,-6.125184
-0.38137257,0.17740881,-6.1252527
-0.38136098,0.17740518,-6.12531
-0.38134477,0.17738503,-6.125265
-0.38131434,0.17740174,-6.1252036
-0.3812558,0.17742205,-6.125122
-0.3811589,0.17742659,-6.1250124
-0.38112554,0.17748465,-6.124976
-0.38107318,0.17753255,-6.12486
-0.38122207,0.17755988,-6.125048
-0.38130867,0.1775544,-6.1251316
-0.38135386,0.17756987,-6.1250925
-0.38141546,0.17756896,-6.1251435
-0.38147748,0.17761452,-6.125116
-0.38153678,0.17765372,-6.1250677
-0.38157234,0.17767766,-6.125026
-0.38147464,0.17762545,-6.1251774
-0.38143986,0.17764619,-6.12519
-0.3813762,0.17756623,-6.125252
-0.3813727,0.17758384,-6.1252236
-0.38136894,0.1776129,-6.1251493
-0.38136065,0.17763363,-6.125136
-0.3813484,0.17768008,-6.125052
-0.3813014,0.17774922,-6.1249394
-0.38120824,0.17785491,-6.124682
-0.3811984,0.17789,-6.124478
-0.38119423,0.17788361,-6.1243963
-0.3811446,0.17786571,-6.1242085
-0.38109472,0.1778953,-6.124031
-0.38106608,0.17792952,-6.123823
-0.38103628,0.177922,-6.123739
-0.38107258,0.1778528,-6.123907
-0.38104707,0.1778619,-6.12374
-0.3810845,0.17771812,-6.124064
-0.38124126,0.17761657,-6.124491
-0.38126358,0.17760077,-6.1245112
-0.38138133,0.17763439,-6.1250477
-0.38142604,0.17764007,-6.1251254
-0.38144833,0.17765391,-6.1251082
-0.38147977,0.1776651,-6.1250777
-0.3815164,0.17766392,-6.125095
-0.38152343,0.17766578,-6.1250815
-0.38152128,0.17770019,-6.1251245
-0.38152555,0.1777464,-6.125147
-0.38152152,0.17777936,-6.125101
-0.38148618,0.17782524,-6.1250854
-0.38144124,0.17790233,-6.1250134
-0.3813913,0.17791943,-6.1249614
-0.3813833,0.17779951,-6.125102
-0.38141572,0.17779562,-6.125169
-0.38141912,0.17779118,-6.1250906
-0.38149574,0.17779659,-6.125152
-0.38149124,0.1777803,-6.125087
-0.3814832,0.1777618,-6.1249833
-0.3814575,0.1777457,-6.1248026
-0.38143253,0.17778948,-6.1247096
-0.381438,0.17778768,-6.1245017
-0.38140082,0.17779224,-6.124392
-0.38139963,0.17775534,-6.1243753
-0.38140267,0.1777168,-6.1242433
-0.3814013,0.1776597,-6.1242695
-0.3814124,0.17763875,-6.124211
-0.38141033,0.1777814,-6.1251483
-0.38142926,0.17777458,-6.1251793
-0.38145047,0.17778802,-6.125122
-0.38147718,0.17781329,-6.1250544
-0.38153273,0.17786078,-6.124912
-0.38158417,0.1779007,-6.124803
-0.3817097,0.1779676,-6.1246166
-0.381793,0.17803429,-6.1244664
-0.38165414,0.17785919,-6.1247478
-0.3814468,0.17770106,-6.125197
-0.38135266,0.177613,-6.125377
-0.3814442,0.17767675,-6.1252713
-0.38147563,0.17769569,-6.125194
-0.3814984,0.1776994,-6.1250753
-0.38152957,0.17771977,-6.12494
-0.38159335,0.1777455,-6.124751
-0.3815717,0.17774354,-6.124752
-0.38155437,0.17774986,-6.1247635
-0.38143146,0.17761035,-6.1254525
-0.38141304,0.177608,-6.125349
-0.38138616,0.17760694,-6.125293
-0.38135675,0.1776071,-6.125249
-0.38132226,0.17760645,-6.1251473
-0.38132346,0.17761202,-6.1250315
-0.38132697,0.17764376,-6.1249275
-0.381356,0.17768729,-6.1247964
-0.38139355,0.17775257,-6.124595
-0.3814224,0.17781155,-6.124505
-0.38147855,0.17787732,-6.124375
-0.38150066,0.17787006,-6.1245112
-0.3815555,0.1779055,-6.124412
-0.3813684,0.17772695,-6.1250157
-0.38135147,0.17770493,-6.125085
-0.38134283,0.17771462,-6.125053
-0.38133913,0.17770144,-6.1250334
-0.38131386,0.17766717,-6.1250253
-0.38128194,0.17765598,-6.12495
-0.38124782,0.17766218,-6.12482
-0.38119915,0.17766686,-6.1246595
-0.38118592,0.17766827,-6.1245575
-0.38113487,0.17768246,-6.1243353
-0.38108227,0.17766325,-6.1240916
-0.38105747,0.17761165,-6.1238484
-0.3810629,0.17757295,-6.1236625
-0.38122922,0.17758206,-6.1240163
-0.38140753,0.17767546,-6.124845
-0.38147926,0.17772229,-6.12519
-0.381498,0.17771262,-6.1252265
-0.38148463,0.17771564,-6.125209
-0.38145465,0.17772703,-6.125153
-0.38141668,0.17773658,-6.1250596
-0.38138473,0.1777421,-6.124985
-0.38135803,0.17774239,-6.124878
-0.38134545,0.17775755,-6.124756
-0.3814245,0.17775904,-6.1247506
-0.38144898,0.17773125,-6.124817
-0.38148424,0.17771396,-6.1248083
-0.38155216,0.17770383,-6.1249647
-0.38161343,0.17771262,-6.1249075
-0.38165534,0.17769542,-6.124923
-0.3816915,0.17767265,-6.1248627
-0.38169825,0.17765631,-6.1247525
-0.38162845,0.17758507,-6.1248083
-0.3815232,0.17759088,-6.1249104
-0.38146675,0.17759874,-6.124864
-0.38141954,0.17758158,-6.1249256
-0.38138536,0.17758137,-6.124848
-0.38134557,0.17758471,-6.1248283
-0.3813227,0.1775893,-6.124816
-0.38131317,0.17760287,-6.1247077
-0.38135934,0.17759769,-6.1248813
-0.38137016,0.1775927,-6.125024
-0.3813733,0.17758489,-6.1250753
-0.3813777,0.17759375,-6.1251173
-0.38139358,0.17760344,-6.125072
-0.38140643,0.1776314,-6.1251206
-0.38136905,0.177622,-6.125141
-0.38134503,0.17761755,-6.1251054
-0.38133943,0.17762032,-6.125075
-0.3813293,0.1776419,-6.125026
-0.38131642,0.17766094,-6.124955
-0.3813008,0.1776692,-6.1250253
-0.38128346,0.1776763,-6.1251335
-0.3812755,0.17768483,-6.125184
-0.3812781,0.17767616,-6.1252356
-0.38127488,0.1776899,-6.1252017
-0.3812942,0.17770472,-6.12519
-0.38132772,0.17770362,-6.1252046
-0.38137132,0.177708,-6.125164
-0.38137314,0.17772514,-6.1251817
-0.3814296,0.17775033,-6.1251426
-0.38140452,0.17777334,-6.125176
-0.3812967,0.17776282,-6.12529
-0.38127753,0.17778675,-6.1252866
-0.38126343,0.17778778,-6.1253185
-0.38127714,0.17777292,-6.125293
-0.38129523,0.17776468,-6.1252337
-0.38129473,0.17781761,-6.125181
-0.3812757,0.17782058,-6.12507
-0.38125643,0.17786634,-6.1249604
-0.3812402,0.17788862,-6.124909
-0.3812304,0.1779091,-6.124828
-0.38121986,0.17796126,-6.1248946
-0.38122758,0.1779943,-6.124819
-0.38122535,0.17801043,-6.124834
-0.38123488,0.17803511,-6.124812
-0.3812415,0.17805924,-6.1247735
-0.38129818,0.17801805,-6.1250105
-0.38129663,0.17802796,-6.1250324
-0.381286,0.17805289,-6.1250124
-0.38127404,0.17806725,-6.124997
-0.38124132,0.17814112,-6.124901
-0.38123745,0.17811754,-6.1248956
-0.38127887,0.1779403,-6.12507
-0.38128847,0.1778946,-6.1250687
-0.38132495,0.1778461,-6.1250906
-0.38133144,0.177826,-6.1250873
-0.38131782,0.1778018,-6.125061
-0.38130498,0.17779945,-6.12511
-0.38129833,0.1777964,-6.1250887
-0.38130856,0.1777775,-6.125011
-0.38135797,0.17778695,-6.124983
-0.38141072,0.1777957,-6.124919
-0.38143557,0.17780219,-6.1248565
-0.38146514,0.17780538,-6.1247888
-0.3814926,0.17782052,-6.124699
-0.38140523,0.17784111,-6.1249914
-0.3813723,0.17786245,-6.125072
-0.38134634,0.17788698,-6.125055
-0.3813263,0.17791124,-6.125064
-0.38131797,0.17800859,-6.1249375
-0.38130295,0.17812948,-6.1247654
-0.38131934,0.1783563,-6.124407
-0.38133505,0.17861386,-6.1239357
-0.38134003,0.17876843,-6.123618
-0.3813764,0.17895108,-6.1232743
-0.38139623,0.17914842,-6.1228786
-0.38147533,0.17889103,-6.1231947
-0.38155806,0.17885046,-6.1231365
-0.38155654,0.17820331,-6.124259
-0.38161913,0.17812994,-6.1242905
-0.3816828,0.17820942,-6.124148
-0.38168526,0.17825833,-6.1240635
-0.38174298,0.17839843,-6.1238523
-0.3818391,0.17857501,-6.123668
-0.38198495,0.17887142,-6.123326
-0.38214508,0.1792001,-6.1229243
-0.38221306,0.17945006,-6.1227193
-0.38239437,0.17984097,-6.1222544
-0.38239053,0.17975968,-6.1222596
-0.38244078,0.17992659,-6.121985
-0.38255253,0.18022366,-6.1215386
-0.38208923,0.17975909,-6.1221395
-0.3822074,0.18005975,-6.1217237
-0.38212854,0.1799186,-6.1217146
-0.38199547,0.17966849,-6.1215777
-0.38201264,0.1794247,-6.121573
-0.38221377,0.1795384,-6.1212454
-0.38208765,0.17927958,-6.1217275
-0.3822546,0.17945005,-6.1213436
-0.3822467,0.17906559,-6.1218023
-0.3822633,0.17881928,-6.1221094
-0.3824461,0.17883779,-6.121928
-0.38229153,0.17844173,-6.122375
-0.38245317,0.17857124,-6.1220746
-0.3824159,0.1784407,-6.1222873
-0.38243705,0.17832957,-6.122543
-0.38256806,0.17846389,-6.122345
-0.3826332,0.17838404,-6.1225324
-0.38282865,0.17851196,-6.1223416
-0.3830073,0.17865421,-6.122102
-0.383005,0.17860216,-6.1222587
-0.383227,0.17884083,-6.121916
-0.38271916,0.17836502,-6.1226206
-0.38238156,0.17807023,-6.1233606
-0.3825033,0.17821984,-6.1232104
-0.38210994,0.17801319,-6.1238394
-0.38178915,0.17778878,-6.1243067
-0.381792,0.17790247,-6.1242523
-0.38161337,0.17790355,-6.12439
-0.3815657,0.17819585,-6.1243157
-0.38156858,0.17840914,-6.1241803
-0.38146234,0.17880017,-6.1241145
-0.38146263,0.17910652,-6.1238523
-0.3815017,0.1790385,-6.124051
-0.3815297,0.1792635,-6.123798
-0.38164622,0.17902954,-6.1237535
-0.38166577,0.17904133,-6.1238437
-0.3817331,0.1793151,-6.1235194
-0.38175258,0.17898892,-6.123711
-0.381733,0.17891373,-6.1235576
-0.38175008,0.1789857,-6.1233315
-0.38155568,0.17863427,-6.12346
-0.3815933,0.17881323,-6.1231503
-0.38131517,0.17840187,-6.12365
-0.38111424,0.17793244,-6.1243052
-0.38111752,0.17806089,-6.1241074
-0.3809268,0.17750067,-6.1251545
-0.38090616,0.1774069,-6.1253285
-0.3809095,0.17746343,-6.125331
-0.38092357,0.17749411,-6.1253314
-0.3809812,0.17766336,-6.1252856
-0.38105696,0.17779356,-6.125211
-0.38115692,0.17796403,-6.1251225
-0.3814175,0.17835122,-6.12485
-0.38159764,0.17864715,-6.124643
-0.3817804,0.17894489,-6.124217
-0.38198426,0.17929673,-6.123892
-0.38205737,0.17912942,-6.1233864
-0.38204694,0.17913768,-6.1233635
-0.38214737,0.17937194,-6.12308
-0.38213563,0.17934947,-6.123242
-0.38227808,0.17960982,-6.1229258
-0.38221747,0.17944114,-6.1230874
-0.38215408,0.17941484,-6.123043
-0.38231474,0.17967054,-6.1225924
-0.38190895,0.17951195,-6.122766
-0.38188097,0.17934005,-6.1227236
-0.3820217,0.17956153,-6.122233
-0.38157335,0.17909265,-6.1225457
-0.3814175,0.17902234,-6.122686
-0.38138378,0.17913094,-6.122505
-0.38133693,0.17886768,-6.1226993
-0.38141173,0.17907026,-6.122352
-0.3815992,0.17882471,-6.1225405
-0.38156465,0.17871477,-6.1226673
-0.3816461,0.17888841,-6.1224246
-0.3811277,0.17843506,-6.12316
-0.38113278,0.17861292,-6.123002
-0.38102797,0.17803301,-6.1241913
-0.38099706,0.17782229,-6.1245885
-0.38099074,0.17776754,-6.1247344
-0.38100076,0.17769577,-6.1248193
-0.38100663,0.17783615,-6.124701
-0.3809618,0.17789552,-6.1246896
-0.38092852,0.17801677,-6.1246653
-0.38092813,0.17822699,-6.124517
-0.38087922,0.17852378,-6.124542
-0.3808534,0.17882761,-6.1242924
-0.38078755,0.17909107,-6.124388
-0.38082126,0.17911242,-6.124322
-0.38080698,0.17929482,-6.124111
-0.38089967,0.1789791,-6.124193
-0.3807961,0.17874178,-6.1242123
-0.38074678,0.17876527,-6.1240487
-0.38077372,0.17837694,-6.124377
-0.38082093,0.17833784,-6.1244025
-0.38086998,0.17836906,-6.1243334
-0.38096872,0.17817287,-6.1244197
-0.38106656,0.17770028,-6.12507
-0.38116425,0.17776756,-6.125076
-0.38113397,0.17752525,-6.1253424
-0.3811462,0.1774696,-6.1253586
-0.3811049,0.17746589,-6.125369
-0.38108283,0.17751952,-6.125334
-0.3810258,0.17757314,-6.1253624
-0.38105923,0.17767376,-6.1253176
-0.38107693,0.17779866,-6.1252637
-0.38106552,0.17783602,-6.1252813
-0.3810853,0.17795177,-6.125197
-0.3810699,0.17784245,-6.1251993
-0.38094574,0.17745695,-6.1253967
-0.38093352,0.17750786,-6.125333
-0.3808762,0.1775257,-6.1253386
-0.3808492,0.17758621,-6.12532
-0.38086072,0.17769489,-6.1252437
-0.38085592,0.17772992,-6.1252046
-0.38090467,0.1778084,-6.125108
-0.38084397,0.17763168,-6.1252985
-0.38078278,0.17755556,-6.1253757
-0.38074434,0.17752936,-6.1254067
-0.38073117,0.17754973,-6.125366
-0.38072342,0.17759012,-6.12532
-0.3806995,0.17768106,-6.1252265
-0.3806286,0.17770153,-6.125179
-0.3805973,0.17782506,-6.125048
-0.38052678,0.17777386,-6.1250277
-0.3804999,0.17786786,-6.1248674
-0.3805039,0.17793427,-6.1247344
-0.380454,0.17786865,-6.1246514
-0.3804387,0.17794211,-6.1245065
-0.38046062,0.17789724,-6.124564
-0.3805158,0.17778395,-6.124766
-0.38057485,0.17783763,-6.1248302
-0.3805878,0.17768244,-6.1251183
-0.38061526,0.17774299,-6.1251144
-0.3806464,0.17784071,-6.1250834
-0.38061774,0.17777678,-6.125098
-0.38051733,0.17759107,-6.1251545
-0.38047373,0.17752165,-6.1251283
-0.38047892,0.17749399,-6.1251564
-0.38052088,0.17757094,-6.1251154
-0.3805458,0.17768052,-6.125046
-0.38058546,0.17786928,-6.1249175
-0.38063565,0.17804618,-6.1247797
-0.3807256,0.17792434,-6.1248
-0.38075012,0.17757066,-6.1251273
-0.3808012,0.17761482,-6.1250916
-0.38077846,0.17758448,-6.125139
-0.3807132,0.17758627,-6.125187
-0.38069242,0.17766732,-6.1251593
-0.38061988,0.17765152,-6.125213
-0.3805669,0.1776263,-6.1252537
-0.38051474,0.17770268,-6.1252365
-0.3805191,0.17755994,-6.1252456
-0.3805809,0.17732146,-6.12534
-0.38058218,0.17734219,-6.1253204
-0.3805827,0.17740351,-6.1253095
-0.38060468,0.17749207,-6.1252985
-0.38066024,0.17761339,-6.1252594
-0.38074052,0.17775801,-6.1252794
-0.3807906,0.1778373,-6.1252804
-0.38081563,0.1778843,-6.1252756
-0.38071245,0.1776599,-6.1254225
-0.38065118,0.17754184,-6.125478
-0.38059863,0.17746292,-6.125496
-0.38058805,0.17750987,-6.1254663
-0.3805865,0.17756876,-6.1254363
-0.38058484,0.17766973,-6.1254196
-0.3806132,0.17782165,-6.1253753
-0.3806479,0.17801471,-6.1253233
-0.3806759,0.17794716,-6.125356
-0.38072202,0.17786789,-6.125411
-0.38074625,0.17796552,-6.1253643
-0.38082552,0.17793262,-6.1253586
-0.3809197,0.1780556,-6.125327
-0.38099203,0.17822172,-6.1252513
-0.38095176,0.17814063,-6.125282
-0.38080555,0.17759341,-6.1254234
-0.3808053,0.1775255,-6.1254387
-0.38080287,0.17747031,-6.125481
-0.3808276,0.17748977,-6.125457
-0.38085845,0.17757948,-6.1253753
-0.38094896,0.17774105,-6.125192
-0.38099402,0.17786135,-6.1250587
-0.38103783,0.17803395,-6.1248717
-0.3809627,0.17776617,-6.125219
-0.3809446,0.17769189,-6.1252956
-0.3809458,0.17752765,-6.125446
-0.38091844,0.17751873,-6.1254516
-0.38091806,0.17757286,-6.1254168
-0.3809064,0.17759602,-6.1253743
-0.380907,0.17771006,-6.1252904
-0.38088554,0.17759788,-6.1253047
-0.38081378,0.1774061,-6.1240077
-0.38265514,0.17732295,-6.1119814
-0.3867148,0.1779529,-6.0865145
-0.39033765,0.17749071,-6.0603795
-0.39609128,0.17669336,-6.015329
-0.4030288,0.17554705,-5.9615164
-0.40809423,0.1751069,-5.914781
-0.41592526,0.1730514,-5.84486
-0.42440122,0.17200986,-5.767057
-0.42785373,0.1692998,-5.703698
-0.43375695,0.16552205,-5.616156
-0.44044122,0.16303423,-5.5352983
-0.44284987,0.16131166,-5.477995
-0.44485742,0.15980949,-5.406053
-0.4474406,0.15744685,-5.3389325
-0.44978967,0.15421112,-5.283512
-0.4541741,0.15246075,-5.2010865
-0.4520496,0.1484623,-5.1107545
-0.45066264,0.14839166,-5.039471
-0.45117933,0.1472885,-4.9390187
-0.4560676,0.1447262,-4.8609996
-0.45801687,0.14193138,-4.7515225
-0.46221286,0.13305359,-4.639029
-0.46177298,0.13137023,-4.553566
-0.4633631,0.12332137,-4.4504085
-0.4637589,0.116646186,-4.3520284
-0.46231654,0.113730304,-4.2822447
-0.46230778,0.10904987,-4.194972
-0.46026728,0.10667367,-4.112625
-0.45872384,0.1044291,-4.0549755
-0.4580211,0.10444938,-3.9801803
-0.45998958,0.1041319,-3.9098387
-0.45853812,0.102420196,-3.847353
-0.4615761,0.10360326,-3.8002973
-0.46065366,0.10197676,-3.7469957
-0.46164697,0.106933504,-3.6917863
-0.4653126,0.109844275,-3.656137
-0.46699667,0.11071234,-3.6143837
-0.47545826,0.114659406,-3.5795412
-0.4737358,0.115220964,-3.5252833
-0.47303355,0.11535422,-3.4656663
-0.463243,0.11287732,-3.3994434
-0.45366544,0.11209167,-3.3523974
-0.44446635,0.10619154,-3.2982643
-0.43622822,0.10433716,-3.2607157
-0.42757094,0.10183882,-3.2144344
-0.4182257,0.099406265,-3.1779878
-0.41070515,0.097436085,-3.1401825
-0.40178287,0.095679514,-3.1201212
-0.3920501,0.09335217,-3.0930204
-0.38655764,0.0919834,-3.0739663
-0.3771883,0.09063762,-3.0397246
-0.37067938,0.09027402,-2.9977703
-0.3626007,0.085441224,-2.9407034
-0.3592335,0.084451884,-2.8951225
-0.3607831,0.08309528,-2.8315885
-0.36444235,0.08209597,-2.7788262
-0.37827852,0.07972889,-2.7094228
-0.39778125,0.08009938,-2.6469104
-0.4219635,0.08145007,-2.5955117
-0.44227117,0.08170648,-2.5624943
-0.46928358,0.08172878,-2.5223947
-0.49536058,0.08104712,-2.489594
-0.51086974,0.08003662,-2.458363
-0.53113174,0.080637775,-2.4239225
-0.5456848,0.08116472,-2.404782
-0.57057786,0.08434276,-2.3784497
-0.6063017,0.08530224,-2.3506331
-0.6365938,0.08922613,-2.322375
-0.6838601,0.09153732,-2.285791
-0.74194527,0.09265627,-2.2524104
-0.8082695,0.093004785,-2.2209997
-0.86328447,0.093602575,-2.1984189
-0.9449779,0.093881324,-2.1766946
-1.0066339,0.09403569,-2.1685562
-1.0985229,0.09597197,-2.1661081
-1.1891656,0.096043095,-2.1767764
-1.2818224,0.09743673,-2.196925
-1.3431382,0.098236114,-2.2177546
-1.4167912,0.09986217,-2.2519693
-1.468986,0.10050633,-2.2770295
-1.5299659,0.101538084,-2.3152864
-1.5860496,0.103128776,-2.3540812
-1.6189485,0.103994876,-2.3859353
-1.6746776,0.106131814,-2.4311764
-1.7172809,0.10772489,-2.4904137
-1.7585351,0.10986375,-2.5595639
-1.7886503,0.11370931,-2.636411
-1.8080938,0.11626972,-2.6996498
-1.8240991,0.118637174,-2.78989
-1.8249829,0.12328632,-2.8841941
-1.8163605,0.12789422,-2.9726377
-1.7991695,0.13251378,-3.0507064
-1.7680554,0.13920587,-3.1212
-1.75015,0.14202969,-3.1697054
-1.715759,0.14562301,-3.226933
-1.6818421,0.14767314,-3.2742622
-1.6556835,0.15046737,-3.3196182
-1.629427,0.1517847,-3.3496013
-1.6033711,0.15183921,-3.3865132
-1.5800884,0.15132985,-3.4203868
-1.5568056,0.14950365,-3.4505959
-1.5270972,0.15001771,-3.5003304
-1.4901755,0.14733616,-3.5517478
-1.4574074,0.14646083,-3.614625
-1.4314277,0.14697441,-3.6674562
-1.3979155,0.14903265,-3.744288
-1.3670202,0.15160999,-3.8298712
-1.3440247,0.15437852,-3.8993392
-1.3264905,0.15705952,-3.9996536
-1.3177793,0.16210186,-4.095146
-1.3126379,0.16619444,-4.183343
-1.3122314,0.16815792,-4.246759
-1.3078096,0.17285609,-4.344477
-1.3034157,0.17320244,-4.3994865
-1.3022801,0.17493284,-4.473218
-1.3010346,0.17182316,-4.5519767
-1.3021951,0.17353486,-4.6187854
-1.2994788,0.16947812,-4.7082524
-1.3018348,0.16297333,-4.80739
-1.3021846,0.1589843,-4.8849907
-1.3036772,0.1553911,-4.993861
-1.3045856,0.14941105,-5.1102715
-1.3070768,0.14948368,-5.2004533
-1.3092657,0.14555158,-5.3238
-1.3136084,0.1427141,-5.454291
-1.3179902,0.14257987,-5.553519
-1.3317826,0.13991039,-5.6810355
-1.3456589,0.13945441,-5.801395
-1.3591235,0.1378678,-5.9149323
-1.3676692,0.13896005,-5.9957886
-1.3810854,0.13784577,-6.099305
-1.389429,0.14211662,-6.1740203
-1.4002212,0.14657243,-6.269766
-1.4119667,0.15088387,-6.3600545
-1.4185662,0.15837626,-6.426142
-1.4291807,0.16194575,-6.512432
-1.4361188,0.16837543,-6.6074643
-1.4417088,0.17354374,-6.6829386
-1.4516536,0.1785431,-6.7877336
-1.4545869,0.18455552,-6.8697176
-1.4670748,0.18860735,-6.9839745
-1.4744697,0.1918965,-7.1027656
-1.4941068,0.20405464,-7.193144
-1.4957297,0.20019649,-7.271374
-1.5239408,0.20713897,-7.388388
-1.5727103,0.21897414,-7.478823
-1.6065409,0.21848698,-7.576038
-1.6500266,0.21689485,-7.7044883
-1.674783,0.21009144,-7.751409
-1.7279279,0.20274316,-7.8243403
-1.774096,0.20226705,-7.9097447
-1.8073664,0.20192632,-7.9582744
-1.8502007,0.20231532,-8.0419235
-1.8827817,0.20471196,-8.097902
-1.9222264,0.20422184,-8.179234
-1.9597723,0.20444416,-8.255183
-1.9959452,0.20329295,-8.323613
-2.020743,0.20327097,-8.374574
-2.0514781,0.20133287,-8.438354
-2.0731056,0.1994978,-8.486298
-2.1107821,0.199578,-8.565031
-2.1384363,0.19792119,-8.624495
-2.1671858,0.19763434,-8.683665
-2.2233663,0.19546464,-8.807174
-2.2595527,0.19571224,-8.880484
-2.3122585,0.19599691,-8.98792
-2.3544896,0.19550256,-9.0752535
-2.410965,0.19800958,-9.161777
-2.4555602,0.19860236,-9.231327
-2.5193603,0.20106411,-9.312915
-2.5866845,0.20236069,-9.385888
-2.6530726,0.20365019,-9.452811
-2.699835,0.20537926,-9.47962
-2.772288,0.20989163,-9.515305
-2.801997,0.21047243,-9.532681
-2.853312,0.21376702,-9.550075
-2.9012644,0.21689929,-9.564551
-2.9258606,0.21903783,-9.552973
-2.9838517,0.2207314,-9.570562
-3.0315943,0.22415599,-9.553986
-3.0812395,0.2263753,-9.549548
-3.158975,0.22755279,-9.555667
-3.2261422,0.22873,-9.556001
-3.3133504,0.23133102,-9.545882
-3.398097,0.23320024,-9.5276
-3.463073,0.23520361,-9.486293
-3.5110877,0.23640092,-9.465978
-3.550998,0.23784661,-9.412241
-3.5862072,0.23852484,-9.39247
-3.6071875,0.23624466,-9.342238
-3.6104538,0.23289658,-9.283508
-3.6276782,0.23338756,-9.265135
-3.6418412,0.23132528,-9.241845
-3.6543787,0.22761244,-9.225905
-3.6664522,0.22610356,-9.216088
-3.6856267,0.22144574,-9.19478
-3.7024992,0.2194712,-9.173081
-3.7193186,0.21404059,-9.119798
-3.7022388,0.21274762,-9.063567
-3.7033088,0.2123803,-9.000379
-3.6905596,0.2090476,-8.943545
-3.6562927,0.20622821,-8.826354
-3.6481402,0.20553173,-8.790098
-3.638283,0.20300144,-8.728586
-3.613148,0.20145783,-8.662519
-3.5902698,0.20006645,-8.598825
-3.565245,0.19916406,-8.566647
-3.5345232,0.19942312,-8.525588
-3.5014315,0.19801053,-8.497829
-3.4782283,0.19738488,-8.482753
-3.4553025,0.19554102,-8.45605
-3.4162374,0.19504693,-8.427582
-3.369611,0.19440266,-8.39816
-3.3346875,0.19571045,-8.36446
-3.2791119,0.19654986,-8.320182
-3.233331,0.19761616,-8.284797
-3.1738796,0.20037687,-8.225306
-3.1089876,0.20123683,-8.168266
-3.062952,0.20343405,-8.100456
-3.0399024,0.21423629,-8.06922
-2.9864352,0.2081547,-8.030624
-2.9406781,0.21032405,-7.9617934
-2.91175,0.21966715,-7.901091
-2.8924606,0.21914649,-7.851456
-2.861554,0.2161638,-7.7915635
-2.8466856,0.21661271,-7.761274
-2.8334413,0.21208207,-7.7270494
-2.8068588,0.21842475,-7.7172713
-2.8034241,0.2161854,-7.7054505
-2.8190844,0.21115778,-7.7009406
-2.812009,0.21149604,-7.6963487
-2.8106377,0.20828438,-7.6939235
-2.8179708,0.20542176,-7.692675
-2.8075259,0.20080747,-7.6847806
-2.7951517,0.19973297,-7.670607
-2.791373,0.19806552,-7.663013
-2.7763867,0.19942482,-7.652185
-2.777215,0.19743167,-7.648401
-2.773038,0.19920136,-7.64255
-2.7701056,0.20216514,-7.640307
-2.7699883,0.20267834,-7.637325
-2.7672923,0.20597765,-7.639255
-2.7683399,0.20525059,-7.6372256
-2.7653155,0.21534818,-7.6441035
-2.765258,0.21373679,-7.6402926
-2.766615,0.21291953,-7.6390605
-2.7680054,0.21146439,-7.641129
-2.7709997,0.21133722,-7.6406255
-2.774615,0.20819154,-7.6403556
-2.7675738,0.2109511,-7.6441216
-2.766064,0.2125811,-7.645538
-2.7609372,0.21837366,-7.6442094
-2.7557373,0.22024187,-7.6455817
-2.7565393,0.22111416,-7.6446586
-2.7415051,0.21443893,-7.6604104
-2.74087,0.21446015,-7.6621165
-2.7409132,0.21470365,-7.6625752
-2.7404745,0.2141851,-7.6630254
-2.7401495,0.21374442,-7.6634154
-2.7381382,0.21369849,-7.662226
-2.737598,0.21374397,-7.6618867
-2.7362916,0.21279483,-7.6602483
-2.7340302,0.21255086,-7.6583295
-2.7336273,0.21253504,-7.657974
-2.7335413,0.21261983,-7.657822
-2.7330866,0.21243642,-7.65677
-2.732729,0.21236056,-7.656037
-2.7326252,0.21244302,-7.6558757
-2.731989,0.21222699,-7.6548524
-2.7321234,0.21155481,-7.654472
-2.7317753,0.21163145,-7.6536555
-2.7314692,0.21170934,-7.6530356
-2.731369,0.2118109,-7.652948
-2.7312841,0.21191435,-7.6529107
-2.730726,0.21213637,-7.651877
-2.7304316,0.21200123,-7.6509385
-2.7303567,0.21208017,-7.6508584
-2.7305207,0.21159196,-7.6499295
-2.7305207,0.21166958,-7.6499352
-2.7303472,0.21153598,-7.6489034
-2.7302036,0.21134786,-7.647735
-2.7301822,0.21137637,-7.6476254
-2.7300606,0.211246,-7.646566
-2.72996,0.21128519,-7.6458974
-2.729914,0.21134672,-7.6455035
-2.7297285,0.21138825,-7.6446357
-2.729728,0.21144651,-7.644565
-2.7294102,0.21128924,-7.6437106
-2.7293658,0.21132874,-7.643579
-2.728986,0.21129769,-7.6430964
-2.7286127,0.21129665,-7.6424975
-2.7285655,0.21136224,-7.6424413
-2.7281756,0.21139301,-7.6418242
-2.7279944,0.21122748,-7.6413455
-2.7279375,0.21109782,-7.641068
-2.7275784,0.2110817,-7.640346
-2.7275536,0.21110567,-7.6402707
-2.7271454,0.21108884,-7.639466
-2.726766,0.21111615,-7.6387267
-2.7267451,0.21116796,-7.6386514
-2.726327,0.21110177,-7.637713
-2.7263238,0.21118139,-7.637692
-2.7258093,0.21114546,-7.636928
-2.7253861,0.21122333,-7.6362824
-2.7253213,0.21132097,-7.636189
-2.7248297,0.21136396,-7.6356225
-2.724489,0.21127464,-7.635301
-2.7242908,0.21118559,-7.63514
-2.7239108,0.2112172,-7.6347413
-2.723859,0.21127746,-7.634689
-2.7235286,0.21135245,-7.634254
-2.7233741,0.21142049,-7.634066
-2.7232928,0.21151002,-7.6339746
-2.7232199,0.2114029,-7.633716
-2.7232008,0.21142209,-7.6336865
-2.7232769,0.2113282,-7.6332927
-2.7231734,0.21133396,-7.6331315
-2.7231433,0.21141371,-7.6331162
-2.722971,0.2114455,-7.6329637
-2.7229269,0.2115146,-7.6329713
-2.7227883,0.21145077,-7.63261
-2.7227218,0.21128367,-7.6322665
-2.7227094,0.21123417,-7.6322303
-2.7226658,0.21116306,-7.6316705
-2.7226527,0.21124226,-7.631656
-2.7226446,0.21130678,-7.631655
-2.7226396,0.21145584,-7.6316466
-2.7226446,0.21156941,-7.631639
-2.7223399,0.2115366,-7.6309514
-2.7223625,0.21166386,-7.6308856
-2.722029,0.21177739,-7.6301093
-2.7218432,0.21137942,-7.6294866
-2.721859,0.2114991,-7.6294484
-2.7215543,0.21131015,-7.629063
-2.721154,0.2110638,-7.628403
-2.7209692,0.21086779,-7.628137
-2.720808,0.21081223,-7.6276097
-2.7207239,0.2109201,-7.627403
-2.7203069,0.21104531,-7.626867
-2.7202966,0.21118407,-7.6268725
-2.7199087,0.21106985,-7.626261
-2.7197008,0.2106358,-7.6257358
-2.7196572,0.21047994,-7.6255956
-2.7193766,0.2105662,-7.6248946
-2.7189991,0.21065204,-7.6241975
-2.7189808,0.21076222,-7.6241355
-2.718635,0.21078183,-7.6235347
-2.718551,0.21059994,-7.6233726
-2.7181873,0.2106623,-7.6225657
-2.7179966,0.21081181,-7.622191
-2.7177494,0.21091194,-7.6217074
-2.7173479,0.21072787,-7.621223
-2.7173972,0.21065292,-7.621135
-2.7174788,0.21057281,-7.620256
-2.7171645,0.21060868,-7.6199822
-2.717012,0.21049775,-7.6195874
-2.717021,0.21021569,-7.618708
-2.7188828,0.2099355,-7.616524
-2.7230742,0.20884675,-7.6120496
-2.729248,0.20789038,-7.608459
-2.7498822,0.20437478,-7.6009803
-2.7591834,0.2104569,-7.6017556
-2.7618368,0.22092155,-7.601806
-2.7712736,0.2330332,-7.5988555
-2.7914422,0.2387712,-7.5957522
-2.8066444,0.24046566,-7.595657
-2.823134,0.24037418,-7.598683
-2.8350284,0.236767,-7.6005607
-2.8487349,0.22566982,-7.5995164
-2.856607,0.21419902,-7.5940986
-2.8615932,0.19997346,-7.5848746
-2.8560803,0.19699334,-7.584039
-2.862343,0.19015561,-7.581079
-2.863567,0.1872017,-7.5809484
-2.875968,0.18572192,-7.5786815
-2.878729,0.18536095,-7.580383
-2.8781023,0.18545981,-7.5808206
-2.8771598,0.18549013,-7.5794816
-2.8768857,0.18552156,-7.5783954
-2.874458,0.18545714,-7.577357
-2.8745167,0.18546674,-7.5771155
-2.8725007,0.18592188,-7.5757318
-2.8709676,0.18585885,-7.5753293
-2.8701797,0.18583257,-7.574883
-2.8683383,0.18556346,-7.5738597
-2.8681655,0.18558234,-7.573508
-2.8668654,0.18404809,-7.572614
-2.8670135,0.18414585,-7.5687013
-2.8668191,0.18418746,-7.568195
-2.8668456,0.18395814,-7.5657554
-2.8663256,0.18382421,-7.5638156
-2.8660588,0.18382405,-7.562921
-2.8660038,0.18351172,-7.5621667
-2.8659737,0.18334976,-7.5621314
-2.8653398,0.18322952,-7.5600533
-2.864925,0.18318556,-7.5588393
-2.8647687,0.18331514,-7.5582795
-2.8642843,0.18313377,-7.5568585
-2.8642778,0.1831979,-7.556708
-2.8636215,0.18276729,-7.5549703
-2.8632274,0.18266614,-7.5540185
-2.8630269,0.18275659,-7.553599
-2.862507,0.18271303,-7.552447
-2.862438,0.18279737,-7.5523677
-2.8619301,0.1827816,-7.550875
-2.8615437,0.1827323,-7.5495505
-2.8613613,0.18277739,-7.548885
-2.8607826,0.18268807,-7.546911
-2.8607402,0.18277228,-7.5467896
-2.8600428,0.1826183,-7.5446343
-2.8593676,0.1825105,-7.542644
-2.8593001,0.18254627,-7.542339
-2.8587584,0.18215935,-7.5401826
-2.858756,0.18217373,-7.54003
-2.8581057,0.18191916,-7.537722
-2.8580582,0.18193015,-7.5373483
-2.8572314,0.18165785,-7.5349574
-2.856334,0.18133833,-7.5322747
-2.8556974,0.18111847,-7.530235
-2.8554096,0.18101665,-7.5293803
-2.855374,0.18109867,-7.5292907
-2.8545628,0.18089262,-7.52651
-2.853811,0.18044184,-7.5240874
-2.853242,0.18008418,-7.5223536
-2.8529894,0.18005179,-7.5217137
-2.8527987,0.18007533,-7.521135
-2.8523006,0.17989199,-7.51957
-2.851781,0.17971255,-7.518148
-2.8512526,0.1795614,-7.5165744
-2.8510575,0.17955129,-7.5160346
-2.850662,0.17950618,-7.514729
-2.8505707,0.17952971,-7.5143476
-2.8500779,0.1795146,-7.5129466
-2.84975,0.17946786,-7.512111
-2.8495805,0.17943083,-7.511719
-2.8491445,0.17947072,-7.5106215
-2.8491025,0.17950037,-7.510549
-2.848715,0.17949566,-7.509579
-2.8483717,0.17957684,-7.508759
-2.84832,0.17962117,-7.5086627
-2.8479,0.17968175,-7.5077376
-2.8478713,0.1797351,-7.507686
-2.8475504,0.17968848,-7.5069003
-2.8471568,0.17962165,-7.505902
-2.8471231,0.1796489,-7.5058208
-2.8466637,0.1795788,-7.5048385
-2.8462455,0.1795679,-7.50396
-2.8460777,0.17957596,-7.5036273
-2.8461134,0.17964536,-7.5036626
-2.8461514,0.17972602,-7.5037045
-2.845684,0.17988811,-7.502628
-2.8453574,0.1800389,-7.501908
-2.8452096,0.18017618,-7.5016246
-2.8446035,0.17964199,-7.500427
-2.8444815,0.17961363,-7.500255
-2.844099,0.17955118,-7.4993854
-2.8438084,0.17957747,-7.4988017
-2.843681,0.17960589,-7.498574
-2.8434737,0.1795744,-7.4980454
-2.8433805,0.1795651,-7.4978137
-2.8430665,0.17945223,-7.4970174
-2.843021,0.17947756,-7.4969525
-2.842607,0.17948334,-7.4959273
-2.8422534,0.17946029,-7.4950995
-2.842152,0.1795056,-7.494825
-2.841795,0.17938003,-7.4938674
-2.8417013,0.17937078,-7.4935555
-2.841347,0.17902972,-7.49272
-2.8409612,0.17890346,-7.4917417
-2.8407807,0.17887594,-7.491298
-2.8407643,0.17892893,-7.491224
-2.840625,0.1789797,-7.490826
-2.8400743,0.1789312,-7.4894204
-2.8394573,0.17898571,-7.487743
-2.8392427,0.17910877,-7.487077
-2.8385115,0.1789624,-7.485227
-2.838414,0.1790782,-7.484899
-2.8376484,0.17869437,-7.4828916
-2.8368876,0.17841241,-7.480826
-2.8368506,0.17849809,-7.4807
-2.8363395,0.17771037,-7.4790463
-2.8363469,0.17771259,-7.4790072
-2.8355227,0.17749493,-7.476627
-2.8352833,0.1775536,-7.473067
-2.8324735,0.17751531,-7.4541993
-2.8299007,0.1774896,-7.4331183
-2.8236656,0.17602842,-7.382236
-2.817361,0.17399518,-7.3431487
-2.8109906,0.17274402,-7.284756
-2.8043263,0.17140128,-7.234136
-2.7985003,0.17034897,-7.1632547
-2.788555,0.16919182,-7.0970955
-2.7823536,0.16798362,-7.049685
-2.7746391,0.16676788,-6.9939356
-2.7654972,0.16528673,-6.9408865
-2.7602901,0.16476059,-6.9066277
-2.7521276,0.16478164,-6.8636675
-2.745814,0.16579957,-6.821746
-2.7389417,0.16661116,-6.782415
-2.7324412,0.16594471,-6.718577
-2.724666,0.16685359,-6.668908
-2.7182755,0.1688422,-6.600682
-2.7084482,0.16840518,-6.521266
-2.702216,0.16829222,-6.4576936
-2.698968,0.16958143,-6.367884
-2.6966004,0.16892505,-6.30036
-2.6996558,0.16929948,-6.2148438
-2.6992886,0.1673045,-6.1363544
-2.697761,0.16635682,-6.062549
-2.7002594,0.16134955,-6.012628
-2.6990893,0.160542,-5.9477468
-2.6937335,0.15614434,-5.9007583
-2.6889255,0.15196909,-5.8443985
-2.686418,0.14870583,-5.7933035
-2.6854799,0.14752294,-5.7324758
-2.684007,0.14621037,-5.681571
-2.6845863,0.14471368,-5.602847
-2.681415,0.14430529,-5.5419703
-2.6756184,0.14077374,-5.4509187
-2.6667876,0.1370241,-5.3582826
-2.6599472,0.13482691,-5.258523
-2.6499858,0.12984206,-5.184657
-2.6416004,0.12560989,-5.0738597
-2.6352177,0.12433972,-4.989116
-2.626147,0.12077614,-4.8841963
-2.6149762,0.11673992,-4.786944
-2.608897,0.11393732,-4.717731
-2.595523,0.10951373,-4.630336
-2.5880487,0.10752484,-4.567771
-2.572758,0.103197925,-4.4900727
-2.5602338,0.1003223,-4.416033
-2.5515246,0.09826454,-4.3644786
-2.5408933,0.09733127,-4.2964315
-2.5324218,0.09504566,-4.2372794
-2.5239766,0.095128015,-4.1806173
-2.5194476,0.09456213,-4.1366377
-2.5121005,0.093727425,-4.0719514
-2.5091503,0.095626086,-4.017066
-2.5014591,0.09462028,-3.9405847
-2.5017936,0.098738976,-3.854138
-2.5085695,0.10119168,-3.7668872
-2.5127535,0.10151406,-3.6974568
-2.528556,0.102112755,-3.604493
-2.5380485,0.10019835,-3.5393748
-2.5532324,0.09914127,-3.4488914
-2.5598516,0.10472391,-3.39397
-2.5684106,0.102706626,-3.3421884
-2.5756478,0.10040891,-3.2902985
-2.5805478,0.09883924,-3.2427413
-2.5867193,0.09935718,-3.2116692
-2.5879285,0.11065483,-3.1851742
-2.5897617,0.10600143,-3.1721613
-2.5916603,0.10621749,-3.1437593
-2.5946121,0.10678473,-3.1110168
-2.5938072,0.106480695,-3.0724123
-2.5881062,0.11128867,-3.0433874
-2.5844893,0.117324345,-2.9973245
-2.5841424,0.12244159,-2.9463096
-2.5820603,0.12984577,-2.9008524
-2.5829856,0.13620107,-2.8436668
-2.5838501,0.1479748,-2.7838695
-2.5858967,0.15815184,-2.7348416
-2.5879626,0.170295,-2.6722164
-2.5928655,0.18090875,-2.622012
-2.5954795,0.19279584,-2.5613647
-2.6009817,0.20867269,-2.4950383
-2.6056714,0.2268033,-2.4114857
-2.6079333,0.23826544,-2.3647187
-2.6189094,0.25576827,-2.3029711
-2.6204875,0.26796713,-2.2607274
-2.6296046,0.28553215,-2.2010846
-2.6359413,0.30297807,-2.1430714
-2.640209,0.31532583,-2.1024964
-2.6478858,0.33042824,-2.0498266
-2.6540298,0.34587792,-1.9991789
-2.6564803,0.35786,-1.9627962
-2.6603925,0.37306756,-1.9154509
-2.6622353,0.38444299,-1.8812618
-2.666608,0.40359747,-1.8263885
-2.6679535,0.4148402,-1.7940617
-2.67046,0.42831352,-1.7532676
-2.6733599,0.43798324,-1.7224911
-2.6754656,0.45154655,-1.6808764
-2.6794832,0.46536475,-1.6371757
-2.6804492,0.47583818,-1.6046226
-2.6860476,0.48872805,-1.5622674
-2.688882,0.5030671,-1.5184488
-2.6908948,0.5124537,-1.4837949
-2.694813,0.52349424,-1.4369113
-2.6966016,0.53315336,-1.3984172
-2.699914,0.542246,-1.3451236
-2.703979,0.5521446,-1.2880976
-2.7072494,0.56124747,-1.2299381
-2.7105553,0.5691391,-1.1775626
-2.708656,0.5763049,-1.0994375
-2.7115765,0.58081776,-1.0416706
-2.7137983,0.58627564,-0.965818
-2.7147822,0.58933866,-0.9045848
-2.718932,0.5807797,-0.85519475
-2.7200615,0.58714414,-0.80783087
-2.7223454,0.58639663,-0.7610964
-2.7290053,0.5862278,-0.73335946
-2.7310112,0.58404523,-0.7005498
-2.7340956,0.5828342,-0.67948973
-2.735418,0.58340746,-0.65544754
-2.7381024,0.58308405,-0.6398644
-2.7403316,0.58596104,-0.602683
-2.7415109,0.58609027,-0.57107085
-2.7435799,0.58781046,-0.51764584
-2.7426038,0.59005845,-0.45661566
-2.7436092,0.5914064,-0.411416
-2.7446864,0.5897494,-0.36330396
-2.7453039,0.5876242,-0.31977338
-2.7458658,0.5864831,-0.29115778
-2.7455776,0.5840164,-0.25892085
-2.7460492,0.5832324,-0.23788616
-2.7465014,0.57962096,-0.21649545
-2.7446384,0.57370275,-0.20132133
-2.7442517,0.5725169,-0.1866863
-2.7413995,0.570779,-0.17720102
-2.7397413,0.56932384,-0.16520876
-2.737371,0.5690702,-0.13923423
-2.7364275,0.5680749,-0.10986775
-2.735444,0.567842,-0.07593783
-2.739721,0.5690211,-0.042886224
-2.7449944,0.56947726,-0.00035250187
-2.7482574,0.5656567,0.05008826
-2.7485092,0.56597,0.092888415
-2.7489522,0.5636994,0.1455087
-2.7496645,0.5650459,0.19537383
-2.7496881,0.56670654,0.24008565
-2.7496605,0.567426,0.26783097
-2.7490807,0.56821424,0.3043792
-2.7483115,0.5690072,0.32499167
-2.7502184,0.5702089,0.3519939
-2.7507296,0.5705278,0.3869271
-2.7633195,0.57251847,0.4207077
-2.7724948,0.5756319,0.4682315
-2.7799242,0.57915497,0.5251886
-2.7934234,0.5868992,0.5678631
-2.8049464,0.59179157,0.62992334
-2.8101015,0.5919045,0.68284154
-2.8304443,0.5996221,0.7488101
-2.8385608,0.6036005,0.8089646
-2.8514328,0.6050694,0.8621439
-2.858496,0.6045011,0.8981216
-2.8651593,0.59827226,0.9454747
-2.8687358,0.5974971,0.98334837
-2.8733351,0.5919259,1.0317608
-2.8726802,0.5884452,1.0771217
-2.8705509,0.5849149,1.1240938
-2.871417,0.5785035,1.1623832
-2.8698823,0.5706406,1.2141708
-2.8713222,0.5623295,1.2553813
-2.8682334,0.555891,1.2840092
-2.8625498,0.55595315,1.2831869
-2.8594196,0.5595613,1.2786578
-2.857495,0.563308,1.269752
-2.8582935,0.5678669,1.2765956
-2.8569634,0.5730987,1.26268
-2.8578737,0.57429415,1.2669965
-2.8593373,0.5784964,1.2524343
-2.8597722,0.5831514,1.2338842
-2.8615386,0.58881,1.2088658
-2.8617914,0.59391946,1.1869502
-2.8633654,0.59300727,1.1836388
-2.863351,0.5930478,1.1826986
-2.8644767,0.59135383,1.1919036
-2.8651044,0.5884031,1.2053628
-2.866486,0.58567363,1.2211447
-2.8669128,0.58269113,1.239756
-2.868374,0.57961535,1.2544894
-2.8708017,0.5751269,1.2768273
-2.871876,0.57066154,1.2945137
-2.8739278,0.5645107,1.3221202
-2.8747976,0.557377,1.3522387
-2.876226,0.549122,1.3850874
-2.877629,0.5423551,1.4122577
-2.8792734,0.5308498,1.451697
-2.8820558,0.5192998,1.4947417
-2.8834834,0.50694805,1.5358006
-2.885567,0.4922634,1.5870548
-2.8882523,0.47624287,1.6410553
-2.8922825,0.4637256,1.6837912
-2.8963506,0.44617653,1.7441111
-2.897551,0.4267683,1.8052497
-2.8983784,0.4137512,1.8443664
-2.9002545,0.39797032,1.8962781
-2.901651,0.3810002,1.9498639
-2.9025636,0.3717631,1.978354
-2.9009538,0.36444923,1.9961175
-2.8973494,0.35882437,2.0119004
-2.8952415,0.35010943,2.0357447
-2.889984,0.34274253,2.0545545
-2.8894398,0.33277336,2.0866144
-2.8856528,0.32630587,2.1075478
-2.8861387,0.31492797,2.1433442
-2.8854358,0.305512,2.1744359
-2.8857563,0.29313904,2.21737
-2.8878505,0.27915668,2.2647054
-2.8887038,0.26838043,2.3026557
-2.8927631,0.25224122,2.356351
-2.894267,0.2379362,2.4138129
-2.8951051,0.22628936,2.45879
-2.897837,0.21198937,2.520014
-2.8984103,0.20001034,2.5678415
-2.901755,0.18530117,2.6320524
-2.9029608,0.1690867,2.6999187
-2.9033704,0.15269348,2.770562
-2.9042087,0.14072146,2.8242323
-2.9053779,0.12256551,2.8976321
-2.907911,0.112201504,2.9534607
-2.9083962,0.09559184,3.0298965
-2.9075663,0.07544637,3.1117814
-2.908299,0.06462705,3.1768126
-2.9088788,0.05459436,3.2260878
-2.9086325,0.041445374,3.2868237
-2.9067993,0.026283624,3.3295798
-2.90695,0.02487222,3.3972163
-2.9053757,0.02482156,3.456622
-2.9034941,0.023710798,3.5104833
-2.904219,0.023987714,3.5468078
-2.9051037,0.03198198,3.5851529
-2.9047503,0.035322055,3.6128664
-2.906058,0.042709272,3.6421373
-2.9052238,0.043703277,3.6653728
-2.9032516,0.046491962,3.6971714
-2.9004662,0.04516475,3.7215695
-2.8981366,0.04416906,3.7408164
-2.8969865,0.04356884,3.7568946
-2.8947015,0.04334357,3.7717125
-2.8921547,0.0444156,3.8057573
-2.8864684,0.044016078,3.8459077
-2.8770075,0.0436415,3.8790245
-2.8544183,0.039093647,3.9456558
-2.8348804,0.038307603,3.9858007
-2.802505,0.03311247,4.050039
-2.771033,0.030752426,4.0963855
-2.7265255,0.02884511,4.1493173
-2.685829,0.027361935,4.1953325
-2.6580977,0.025943132,4.223578
-2.6262658,0.025868058,4.259785
-2.5969987,0.025438821,4.291114
-2.5769582,0.02458602,4.3103867
-2.551301,0.026219329,4.3350797
-2.5353217,0.025523534,4.349002
-2.5108984,0.024584524,4.374239
-2.4796188,0.025631258,4.4008656
-2.4388862,0.025525885,4.4366207
-2.4043977,0.025618585,4.4651213
-2.3527918,0.024647387,4.5063415
-2.312204,0.023444269,4.540589
-2.2517266,0.022336122,4.593101
-2.188085,0.020990007,4.6461983
-2.1374862,0.02018129,4.688329
-2.0625684,0.020226274,4.7423697
-1.9830449,0.020690184,4.7985826
-1.9187639,0.021723833,4.8400745
-1.8344903,0.022324193,4.8873982
-1.7524428,0.022515945,4.9236703
-1.6893325,0.025341613,4.9451146
-1.5760927,0.027061852,4.9668865
-1.5054095,0.03303492,4.978118
-1.435559,0.03417564,4.984389
-1.3517954,0.039342597,4.9966245
-1.2899916,0.042195436,5.005466
-1.2122635,0.045911282,5.015435
-1.1293099,0.048043426,5.0324817
-1.0548203,0.04777755,5.047457
-1.0016389,0.048210587,5.0586653
-0.93223727,0.04416922,5.079332
-0.8889327,0.044907875,5.0855165
-0.82931244,0.03787049,5.102633
-0.78029406,0.036694907,5.1115494
-0.7371238,0.035455927,5.119795
-0.6995509,0.03333747,5.1281333
-0.64381886,0.032206938,5.1355705
-0.5722748,0.028725142,5.1440425
-0.4957317,0.023997791,5.1521463
-0.4445299,0.02276995,5.15359
-0.38469416,0.019976966,5.1534266
-0.34255946,0.018999357,5.150259
-0.29085073,0.01584103,5.1459484
-0.23899803,0.014416266,5.135835
-0.20000648,0.014031403,5.1236095
-0.13747466,0.013778996,5.10159
-0.07297355,0.014092572,5.071963
-0.024562418,0.014250759,5.0439453
0.03903964,0.015129071,4.995707
0.0841023,0.014609527,4.9534626
0.14327756,0.01610503,4.895495
0.1887294,0.01841624,4.8386087
0.21590114,0.020038497,4.799203
0.24648747,0.021951664,4.7504187
0.26373586,0.022356473,4.707063
0.27283365,0.022745587,4.6769505
0.28237584,0.02093101,4.643024
0.2872315,0.021045454,4.621737
0.28822082,0.018606119,4.594506
0.28603077,0.015773304,4.5663657
0.2854596,0.015338369,4.544075
0.28433532,0.017678443,4.5079327
0.28081816,0.017958172,4.4692616
0.2774406,0.024466284,4.443315
0.27233613,0.025453012,4.4171524
0.27564627,0.03407694,4.398639
0.27602005,0.03895357,4.3825936
0.27706087,0.04259395,4.3714685
0.28105053,0.046426345,4.364084
0.28277028,0.047773574,4.3619494
0.289943,0.049091253,4.362362
0.29583758,0.049403727,4.358438
0.29859784,0.05038191,4.350003
0.30562055,0.052043315,4.332093
0.30763885,0.053892415,4.307094
0.30591613,0.055459827,4.2811837
0.2998103,0.056440536,4.2374425
0.29615533,0.057452783,4.2007437
0.29361197,0.056870155,4.143606
0.2921636,0.05781947,4.096837
0.28978133,0.055746183,4.0349503
0.2892677,0.052572504,3.9761052
0.29038545,0.05277235,3.9207585
0.28952545,0.04975171,3.880951
0.2893573,0.049488608,3.8337088
0.28995198,0.04920624,3.801815
0.28973103,0.04770776,3.763634
0.28838146,0.047648136,3.7292733
0.288438,0.046488777,3.7034369
0.28956437,0.048130482,3.6633258
0.29039875,0.049491465,3.6126273
0.29825282,0.052447017,3.5718443
0.30039203,0.053671267,3.5058305
0.30900958,0.058479525,3.4362495
0.31225616,0.059445877,3.3800442
0.314026,0.061064,3.2957854
0.31392917,0.062191606,3.2078469
0.31392998,0.06261472,3.1358051
0.31105754,0.06604109,3.0406616
0.3123673,0.06668466,2.9738986
0.31122243,0.06772104,2.889183
0.31284076,0.06765378,2.8086562
0.31291804,0.06773804,2.7324946
0.31192902,0.06797377,2.679007
0.30842054,0.06512239,2.61183
0.30730388,0.065324165,2.5650272
0.30406022,0.06324467,2.509434
0.302858,0.06332319,2.4691246
0.30022973,0.06316061,2.4259372
0.29841667,0.06273045,2.3930407
0.2976008,0.0636479,2.34679
0.30034205,0.065200426,2.3051608
0.30400115,0.06450136,2.2407534
0.30725598,0.06398137,2.188741
0.31302756,0.06427662,2.128635
0.32013392,0.064001255,2.069359
0.32659036,0.06349128,2.0192614
0.3302176,0.063567825,1.9802294
0.33607754,0.063711986,1.9329525
0.33780503,0.065690756,1.8925812
0.34369963,0.06577613,1.8524247
0.3437129,0.06673512,1.806934
0.3431968,0.06798305,1.7611544
0.34597838,0.068288036,1.7373011
0.34437373,0.06850302,1.6917903
0.34691292,0.068741895,1.6628093
0.3474718,0.07034904,1.6130273
0.3461368,0.07028348,1.5596242
0.3492701,0.07045889,1.4957476
0.34766603,0.069945455,1.453793
0.34975576,0.07105158,1.3757206
0.35218894,0.0717368,1.3126454
0.354563,0.07289626,1.2235087
0.3569511,0.07384329,1.1559939
0.3600703,0.073029764,1.0772653
0.36125124,0.07165597,1.0025387
0.3620987,0.07109885,0.9483522
0.36392486,0.06969208,0.8818512
0.36515194,0.06954573,0.8181744
0.3682666,0.06982355,0.7758699
0.37169325,0.0696691,0.7250542
0.37426093,0.069503784,0.6882907
0.37784192,0.07049175,0.6314995
0.3792737,0.070481524,0.5988997
0.38161737,0.07020341,0.5608734
0.3817045,0.069722205,0.53277934
0.38326505,0.06971497,0.48586738
0.383839,0.0683768,0.44194737
0.38764834,0.06824614,0.37747666
0.38918084,0.067247026,0.30050159
0.39096883,0.064962134,0.22351396
0.392301,0.06496377,0.17156982
0.39313558,0.06439003,0.104971826
0.39382082,0.064277396,0.059828997
0.39437887,0.06389889,0.0011951496
0.39549413,0.06320434,-0.051659703
0.3953207,0.06285142,-0.08751863
0.3974571,0.063823074,-0.13293976
0.40071937,0.06488371,-0.17134246
0.4018158,0.06600819,-0.19758412
0.40832818,0.06665081,-0.2269405
0.41007265,0.06696571,-0.25848904
0.41439605,0.06721434,-0.30016035
0.41734576,0.06661306,-0.35587937
0.41918653,0.06703408,-0.4244061
0.42190516,0.06614421,-0.48252183
0.42506865,0.06627953,-0.5654486
0.4350507,0.07137051,-0.63512856
0.4443516,0.07362528,-0.7305272
0.45042413,0.07602177,-0.8329256
0.46052146,0.07781723,-0.93678933
0.46555233,0.07845935,-1.0164661
0.47752053,0.080416605,-1.1151059
0.48459685,0.081802,-1.1871431
0.49110982,0.08405737,-1.2785922
0.5025507,0.08767632,-1.3659372
0.51179916,0.090474695,-1.4475592
0.51655775,0.09347452,-1.5064414
0.5241935,0.09682851,-1.5815777
0.5284205,0.0986052,-1.6342667
0.5333332,0.098930895,-1.7028774
0.5406333,0.099690914,-1.7654504
0.5451484,0.10052584,-1.8091465
0.5430586,0.09713599,-1.8615178
