0.0,-0.0,0.0
0.0,-0.0,0.0
-0.862242,0.040417977,0.6052714
-0.862242,0.040417977,0.6052714
-0.8622856,0.040488534,0.6053778
-0.8622856,0.040488534,0.6053778
-0.8622856,0.040488534,0.6053778
-0.8622856,0.040488534,0.6053778
-0.8623358,0.040515795,0.60536844
-0.86225843,0.040402696,0.6052098
-0.86225843,0.040402696,0.6052098
-0.86225843,0.040402696,0.6052098
-0.86225843,0.040402696,0.6052098
-0.86212486,0.04036604,0.6049373
-0.86210096,0.040311642,0.60490716
-0.86210096,0.040311642,0.60490716
-0.8597896,0.04043147,0.6003708
-0.8543898,0.04123158,0.58698434
-0.8543898,0.04123158,0.58698434
-0.8483947,0.04174897,0.57360196
-0.8483947,0.04174897,0.57360196
-0.8404835,0.042404175,0.55696285
-0.83186746,0.04313492,0.53975534
-0.83186746,0.04313492,0.53975534
-0.81964046,0.044068597,0.51442957
-0.81964046,0.044068597,0.51442957
-0.8094857,0.0450652,0.49414846
-0.8094857,0.0450652,0.49414846
-0.7949306,0.046650603,0.46668968
-0.7949306,0.046650603,0.46668968
-0.7949306,0.046650603,0.46668968
-0.7949306,0.046650603,0.46668968
-0.7949306,0.046650603,0.46668968
-0.7949306,0.046650603,0.46668968
-0.7949306,0.046650603,0.46668968
-0.7949306,0.046650603,0.46668968
-0.7237115,0.050911196,0.33534124
-0.7237115,0.050911196,0.33534124
-0.7101562,0.0514915,0.31186086
-0.7101562,0.0514915,0.31186086
-0.69762206,0.05306738,0.28926533
-0.68423736,0.0535831,0.26590022
-0.68423736,0.0535831,0.26590022
-0.68423736,0.0535831,0.26590022
-0.68423736,0.0535831,0.26590022
-0.64576775,0.05684644,0.20393835
-0.6365154,0.05733209,0.1885831
-0.6365154,0.05733209,0.1885831
-0.6226367,0.05788096,0.16639683
-0.6226367,0.05788096,0.16639683
-0.6088373,0.058849476,0.14316207
-0.6088373,0.058849476,0.14316207
-0.5902739,0.060178056,0.11248052
-0.57632047,0.061032027,0.08968447
-0.57632047,0.061032027,0.08968447
-0.57632047,0.061032027,0.08968447
-0.57632047,0.061032027,0.08968447
-0.5591449,0.06245564,0.05945234
-0.55095434,0.06281093,0.04529586
-0.53861046,0.064073056,0.021552
-0.53861046,0.064073056,0.021552
-0.5261915,0.0650482,-0.011216883
-0.5261915,0.0650482,-0.011216883
-0.5261915,0.0650482,-0.011216883
-0.5261915,0.0650482,-0.011216883
-0.5261915,0.0650482,-0.011216883
-0.5261915,0.0650482,-0.011216883
-0.49279976,0.06772504,-0.108793244
-0.49279976,0.06772504,-0.108793244
-0.49279976,0.06772504,-0.108793244
-0.48494196,0.06868109,-0.13341767
-0.47421116,0.06874006,-0.16457105
-0.47421116,0.06874006,-0.16457105
-0.46691,0.0694772,-0.18887044
-0.46691,0.0694772,-0.18887044
-0.4596846,0.06997944,-0.21228164
-0.4596846,0.06997944,-0.21228164
-0.4596846,0.06997944,-0.21228164
-0.4596846,0.06997944,-0.21228164
-0.4596846,0.06997944,-0.21228164
-0.43473762,0.07377423,-0.29452866
-0.42692256,0.07498189,-0.3183218
-0.41678852,0.075965926,-0.3420818
-0.41678852,0.075965926,-0.3420818
-0.41678852,0.075965926,-0.3420818
-0.4018666,0.07744134,-0.37208116
-0.3943966,0.07842508,-0.3881805
-0.3943966,0.07842508,-0.3881805
-0.3755983,0.08028236,-0.4246634
-0.37161207,0.080751844,-0.43160266
-0.37161207,0.080751844,-0.43160266
-0.35627997,0.08217463,-0.46023023
-0.35627997,0.08217463,-0.46023023
-0.34561372,0.08347188,-0.48094127
-0.34561372,0.08347188,-0.48094127
-0.34561372,0.08347188,-0.48094127
-0.34561372,0.08347188,-0.48094127
-0.34561372,0.08347188,-0.48094127
-0.34561372,0.08347188,-0.48094127
-0.34561372,0.08347188,-0.48094127
-0.29211944,0.08845768,-0.58001107
-0.28336293,0.08952887,-0.5935834
-0.28336293,0.08952887,-0.5935834
-0.26953596,0.09146192,-0.61427253
-0.26953596,0.09146192,-0.61427253
-0.26953596,0.09146192,-0.61427253
-0.2403416,0.094736114,-0.66128385
-0.2403416,0.094736114,-0.66128385
-0.23042387,0.09721712,-0.67986417
-0.23042387,0.09721712,-0.67986417
-0.23042387,0.09721712,-0.67986417
-0.23042387,0.09721712,-0.67986417
-0.20199227,0.09950398,-0.7441683
-0.20199227,0.09950398,-0.7441683
-0.19385415,0.100994736,-0.76504475
-0.19385415,0.100994736,-0.76504475
-0.17904834,0.10195884,-0.792903
-0.16830963,0.10242942,-0.81444705
-0.16830963,0.10242942,-0.81444705
-0.15670294,0.102838434,-0.8348281
-0.14606363,0.10380692,-0.8552585
-0.14606363,0.10380692,-0.8552585
-0.13229382,0.10515305,-0.88161314
-0.13229382,0.10515305,-0.88161314
-0.12163223,0.106267065,-0.904323
-0.12163223,0.106267065,-0.904323
-0.12163223,0.106267065,-0.904323
-0.1063041,0.10672104,-0.9378945
-0.1063041,0.10672104,-0.9378945
-0.1063041,0.10672104,-0.9378945
-0.1063041,0.10672104,-0.9378945
-0.1063041,0.10672104,-0.9378945
-0.1063041,0.10672104,-0.9378945
-0.1063041,0.10672104,-0.9378945
-0.1063041,0.10672104,-0.9378945
-0.061227016,0.110251844,-1.0341115
-0.061227016,0.110251844,-1.0341115
-0.05395006,0.1103323,-1.054488
-0.05395006,0.1103323,-1.054488
-0.047449946,0.11153595,-1.076443
-0.047449946,0.11153595,-1.076443
-0.041906953,0.11224719,-1.0983282
-0.041906953,0.11224719,-1.0983282
-0.034887366,0.1128353,-1.120722
-0.034887366,0.1128353,-1.120722
-0.034887366,0.1128353,-1.120722
-0.034887366,0.1128353,-1.120722
-0.034887366,0.1128353,-1.120722
-0.034887366,0.1128353,-1.120722
-0.016545827,0.11629011,-1.1882077
-0.016545827,0.11629011,-1.1882077
-0.009090001,0.11718732,-1.2095442
-0.009090001,0.11718732,-1.2095442
-0.0007750988,0.118049115,-1.2354821
0.0054610856,0.118556574,-1.2495086
0.0054610856,0.118556574,-1.2495086
0.01808108,0.11853822,-1.2732533
0.01808108,0.11853822,-1.2732533
0.026661873,0.119513646,-1.2897024
0.034848094,0.12005704,-1.3052037
0.034848094,0.12005704,-1.3052037
0.050866246,0.12047784,-1.3248968
0.050866246,0.12047784,-1.3248968
0.0634932,0.12140791,-1.34103
0.0634932,0.12140791,-1.34103
0.0634932,0.12140791,-1.34103
0.0634932,0.12140791,-1.34103
0.0634932,0.12140791,-1.34103
0.0634932,0.12140791,-1.34103
0.09877992,0.124434285,-1.4078156
0.10260827,0.12565218,-1.4252248
0.10260827,0.12565218,-1.4252248
0.106696196,0.12654793,-1.4453198
0.106696196,0.12654793,-1.4453198
0.11220915,0.1268067,-1.4614564
0.11220915,0.1268067,-1.4614564
0.12173557,0.12794594,-1.4873707
0.12173557,0.12794594,-1.4873707
0.1264739,0.1288511,-1.5000126
0.1264739,0.1288511,-1.5000126
0.1264739,0.1288511,-1.5000126
0.13378423,0.13003096,-1.5394427
0.13378423,0.13003096,-1.5394427
0.13868082,0.13113362,-1.5595263
0.14201462,0.13095923,-1.574335
0.14936548,0.13180272,-1.5933183
0.14936548,0.13180272,-1.5933183
0.14936548,0.13180272,-1.5933183
0.15550768,0.13143396,-1.6134423
0.16201103,0.13240469,-1.6331121
0.16201103,0.13240469,-1.6331121
0.16201103,0.13240469,-1.6331121
0.16736859,0.13257992,-1.6519715
0.16928947,0.13310051,-1.6582619
0.17664982,0.1336212,-1.6753409
0.17664982,0.1336212,-1.6753409
0.1862668,0.13503692,-1.6937345
0.1862668,0.13503692,-1.6937345
0.1862668,0.13503692,-1.6937345
0.1862668,0.13503692,-1.6937345
0.1862668,0.13503692,-1.6937345
0.1862668,0.13503692,-1.6937345
0.1862668,0.13503692,-1.6937345
0.20885688,0.13815472,-1.7474283
0.20885688,0.13815472,-1.7474283
0.21415043,0.13881162,-1.764976
0.21651435,0.1385925,-1.7837688
0.21651435,0.1385925,-1.7837688
0.21935117,0.13962407,-1.7982323
0.21935117,0.13962407,-1.7982323
0.22467506,0.14083374,-1.8117132
0.22467506,0.14083374,-1.8117132
0.22467506,0.14083374,-1.8117132
0.22467506,0.14083374,-1.8117132
0.22467506,0.14083374,-1.8117132
0.24046409,0.14236791,-1.859136
0.24611855,0.14285374,-1.875618
0.24611855,0.14285374,-1.875618
0.24611855,0.14285374,-1.875618
0.25093377,0.1426852,-1.8878301
0.25093377,0.1426852,-1.8878301
0.25093377,0.1426852,-1.8878301
0.25672954,0.14338435,-1.9085747
0.26124775,0.14370242,-1.9219595
0.26124775,0.14370242,-1.9219595
0.26796114,0.14421287,-1.9422374
0.27018428,0.14470841,-1.950693
0.27420196,0.14591964,-1.9660717
0.27420196,0.14591964,-1.9660717
0.27420196,0.14591964,-1.9660717
0.280756,0.14726786,-1.9954499
0.280756,0.14726786,-1.9954499
0.280756,0.14726786,-1.9954499
0.280756,0.14726786,-1.9954499
0.280756,0.14726786,-1.9954499
0.280756,0.14726786,-1.9954499
0.280756,0.14726786,-1.9954499
0.28353643,0.14932683,-2.058154
0.2824574,0.14948241,-2.070463
0.28383303,0.1502623,-2.0961506
0.28537333,0.15072368,-2.1164403
0.28537333,0.15072368,-2.1164403
0.2845868,0.1510994,-2.1352503
0.2845868,0.1510994,-2.1352503
0.2848692,0.15233976,-2.1555116
0.2848692,0.15233976,-2.1555116
0.2848692,0.15233976,-2.1555116
0.2848692,0.15233976,-2.1555116
0.28177184,0.15526335,-2.2102454
0.28177184,0.15526335,-2.2102454
0.28271455,0.15636541,-2.234956
0.2816007,0.15677568,-2.2541735
0.2816007,0.15677568,-2.2541735
0.2809865,0.15748115,-2.272253
0.2809865,0.15748115,-2.272253
0.2789197,0.15870835,-2.2912505
0.2789197,0.15870835,-2.2912505
0.2789197,0.15870835,-2.2912505
0.27928317,0.15860035,-2.3098989
0.27784806,0.15894662,-2.3287244
0.2770368,0.15852273,-2.3548222
0.2770368,0.15852273,-2.3548222
0.2770368,0.15852273,-2.3548222
0.27441764,0.15945253,-2.381543
0.27441764,0.15945253,-2.381543
0.27441764,0.15945253,-2.381543
0.27441764,0.15945253,-2.381543
0.27441764,0.15945253,-2.381543
0.27441764,0.15945253,-2.381543
0.27441764,0.15945253,-2.381543
0.2676414,0.16210507,-2.4639103
0.26514482,0.16294338,-2.4844003
0.26514482,0.16294338,-2.4844003
0.26270682,0.1642499,-2.5042593
0.2613393,0.16480443,-2.517547
0.2613393,0.16480443,-2.517547
0.25921452,0.16584282,-2.5448244
0.25921452,0.16584282,-2.5448244
0.25682265,0.16677067,-2.5652132
0.25682265,0.16677067,-2.5652132
0.25682265,0.16677067,-2.5652132
0.25682265,0.16677067,-2.5652132
0.25133523,0.16781266,-2.6191895
0.24483345,0.16741168,-2.6446068
0.24483345,0.16741168,-2.6446068
0.24047768,0.16795115,-2.6639533
0.24047768,0.16795115,-2.6639533
0.23384595,0.16871119,-2.6898875
0.23384595,0.16871119,-2.6898875
0.23384595,0.16871119,-2.6898875
0.22810648,0.16842519,-2.7089279
0.22810648,0.16842519,-2.7089279
0.22206247,0.16859162,-2.72906
0.21601953,0.16798815,-2.7558496
0.21601953,0.16798815,-2.7558496
0.21601953,0.16798815,-2.7558496
0.21161729,0.1675613,-2.7766058
0.21161729,0.1675613,-2.7766058
0.21161729,0.1675613,-2.7766058
0.21161729,0.1675613,-2.7766058
0.21161729,0.1675613,-2.7766058
0.21161729,0.1675613,-2.7766058
0.21161729,0.1675613,-2.7766058
0.21161729,0.1675613,-2.7766058
0.17208147,0.17012063,-2.8732095
0.17208147,0.17012063,-2.8732095
0.16306645,0.17043248,-2.8981059
0.1580751,0.17107426,-2.9101534
0.1580751,0.17107426,-2.9101534
0.15125078,0.17129797,-2.928602
0.14347054,0.17211634,-2.9451158
0.14347054,0.17211634,-2.9451158
0.13429272,0.17194389,-2.9689705
0.13429272,0.17194389,-2.9689705
0.13429272,0.17194389,-2.9689705
0.13429272,0.17194389,-2.9689705
0.113989726,0.17327666,-3.0098834
0.10846138,0.173711,-3.0218897
0.10846138,0.173711,-3.0218897
0.10846138,0.173711,-3.0218897
0.10846138,0.173711,-3.0218897
0.09235842,0.17380475,-3.0569963
0.08895838,0.17384219,-3.0627472
0.08895838,0.17384219,-3.0627472
0.08895838,0.17384219,-3.0627472
0.0775336,0.1743951,-3.0779524
0.0775336,0.1743951,-3.0779524
0.06364143,0.17449737,-3.1000116
0.06364143,0.17449737,-3.1000116
0.05345065,0.17434624,-3.1163127
0.042666316,0.17381318,-3.133407
0.042666316,0.17381318,-3.133407
0.031227816,0.17396808,-3.1485767
0.031227816,0.17396808,-3.1485767
0.016025316,0.17434849,-3.1697955
0.016025316,0.17434849,-3.1697955
0.016025316,0.17434849,-3.1697955
0.016025316,0.17434849,-3.1697955
0.016025316,0.17434849,-3.1697955
0.016025316,0.17434849,-3.1697955
-0.024486119,0.17519204,-3.2414997
-0.030480374,0.17537676,-3.2524717
-0.030480374,0.17537676,-3.2524717
-0.030480374,0.17537676,-3.2524717
-0.043682933,0.1752288,-3.2736163
-0.053579688,0.17559662,-3.28845
-0.06415355,0.176177,-3.3035116
-0.06415355,0.176177,-3.3035116
-0.06415355,0.176177,-3.3035116
-0.06415355,0.176177,-3.3035116
-0.06415355,0.176177,-3.3035116
-0.09975529,0.17799051,-3.354277
-0.09975529,0.17799051,-3.354277
-0.09975529,0.17799051,-3.354277
-0.12263487,0.17881538,-3.3847444
-0.12263487,0.17881538,-3.3847444
-0.13385499,0.17897753,-3.4003913
-0.14684713,0.17917703,-3.4140606
-0.14684713,0.17917703,-3.4140606
-0.15992785,0.17949489,-3.427886
-0.15992785,0.17949489,-3.427886
-0.17293656,0.17986166,-3.4400806
-0.19083929,0.17996645,-3.4577456
-0.19083929,0.17996645,-3.4577456
-0.20571387,0.17990011,-3.4698253
-0.20571387,0.17990011,-3.4698253
-0.22075772,0.17965144,-3.4826167
-0.22075772,0.17965144,-3.4826167
-0.22075772,0.17965144,-3.4826167
-0.22075772,0.17965144,-3.4826167
-0.22075772,0.17965144,-3.4826167
-0.22075772,0.17965144,-3.4826167
-0.27697223,0.1791192,-3.5236995
-0.28206265,0.17919435,-3.5271049
-0.30390078,0.17916277,-3.541934
-0.30390078,0.17916277,-3.541934
-0.3193804,0.1789167,-3.5519667
-0.33445793,0.17856702,-3.5630515
-0.33445793,0.17856702,-3.5630515
-0.3506779,0.17809017,-3.573988
-0.3506779,0.17809017,-3.573988
-0.3506779,0.17809017,-3.573988
-0.3506779,0.17809017,-3.573988
-0.3506779,0.17809017,-3.573988
-0.4010145,0.17706198,-3.6118581
-0.4010145,0.17706198,-3.6118581
-0.41576546,0.17767014,-3.623794
-0.4300695,0.1778221,-3.6363044
-0.4300695,0.1778221,-3.6363044
-0.44901228,0.17841817,-3.6512032
-0.44901228,0.17841817,-3.6512032
-0.4637565,0.17861375,-3.6631887
-0.4782462,0.1782788,-3.6740313
-0.4782462,0.1782788,-3.6740313
-0.49269885,0.1784576,-3.6861596
-0.51395226,0.17850064,-3.7005925
-0.51395226,0.17850064,-3.7005925
-0.51395226,0.17850064,-3.7005925
-0.51395226,0.17850064,-3.7005925
-0.51395226,0.17850064,-3.7005925
-0.51395226,0.17850064,-3.7005925
-0.51395226,0.17850064,-3.7005925
-0.51395226,0.17850064,-3.7005925
-0.51395226,0.17850064,-3.7005925
-0.59152704,0.17825544,-3.752811
-0.59152704,0.17825544,-3.752811
-0.6018266,0.1781621,-3.7601454
-0.6018266,0.1781621,-3.7601454
-0.6018266,0.1781621,-3.7601454
-0.62616146,0.17728446,-3.7769418
-0.6362129,0.17688784,-3.7838979
-0.65086824,0.17637394,-3.793844
-0.65086824,0.17637394,-3.793844
-0.6657958,0.17643201,-3.8032768
-0.6657958,0.17643201,-3.8032768
-0.6657958,0.17643201,-3.8032768
-0.6657958,0.17643201,-3.8032768
-0.6657958,0.17643201,-3.8032768
-0.71560764,0.17517474,-3.8363593
-0.71560764,0.17517474,-3.8363593
-0.71560764,0.17517474,-3.8363593
-0.73101974,0.1755762,-3.8455024
-0.73101974,0.1755762,-3.8455024
-0.7461344,0.17520693,-3.853819
-0.7461344,0.17520693,-3.853819
-0.7461344,0.17520693,-3.853819
-0.76183903,0.17492393,-3.863545
-0.78212494,0.17389193,-3.8745897
-0.78212494,0.17389193,-3.8745897
-0.79848266,0.17340991,-3.8832526
-0.8141692,0.17275631,-3.8911393
-0.8141692,0.17275631,-3.8911393
-0.831371,0.172382,-3.9000459
-0.831371,0.172382,-3.9000459
-0.85408634,0.17106596,-3.9106712
-0.85408634,0.17106596,-3.9106712
-0.85408634,0.17106596,-3.9106712
-0.85408634,0.17106596,-3.9106712
-0.85408634,0.17106596,-3.9106712
-0.85408634,0.17106596,-3.9106712
-0.85408634,0.17106596,-3.9106712
-0.9437944,0.1690882,-3.9357536
-0.9437944,0.1690882,-3.9357536
-0.9623644,0.16945562,-3.937842
-0.98039675,0.16916856,-3.9414897
-0.98039675,0.16916856,-3.9414897
-0.99883264,0.1689566,-3.9446828
-1.0226871,0.16789381,-3.9478028
-1.0226871,0.16789381,-3.9478028
-1.0226871,0.16789381,-3.9478028
-1.0226871,0.16789381,-3.9478028
-1.0653445,0.16728354,-3.9499953
-1.0773016,0.16716921,-3.950622
-1.0773016,0.16716921,-3.950622
-1.0944412,0.16732286,-3.951208
-1.0944412,0.16732286,-3.951208
-1.1118159,0.16726524,-3.9541621
-1.1118159,0.16726524,-3.9541621
-1.132436,0.16774672,-3.9577816
-1.132436,0.16774672,-3.9577816
-1.1492195,0.16763501,-3.9609096
-1.1492195,0.16763501,-3.9609096
-1.1692114,0.1683032,-3.9631019
-1.184825,0.16857256,-3.9651685
-1.184825,0.16857256,-3.9651685
-1.1997322,0.16911905,-3.9678516
-1.1997322,0.16911905,-3.9678516
-1.1997322,0.16911905,-3.9678516
-1.2153271,0.16937736,-3.970409
-1.2153271,0.16937736,-3.970409
-1.2153271,0.16937736,-3.970409
-1.2153271,0.16937736,-3.970409
-1.2153271,0.16937736,-3.970409
-1.2153271,0.16937736,-3.970409
-1.2153271,0.16937736,-3.970409
-1.2706296,0.17053378,-3.9824293
-1.2790725,0.17099304,-3.9842327
-1.2892487,0.17125022,-3.9868839
-1.2892487,0.17125022,-3.9868839
-1.3095685,0.17103462,-3.9922822
-1.3261782,0.17093885,-3.9968688
-1.3261782,0.17093885,-3.9968688
-1.3479817,0.17064787,-4.0023737
-1.3479817,0.17064787,-4.0023737
-1.3479817,0.17064787,-4.0023737
-1.3479817,0.17064787,-4.0023737
-1.3479817,0.17064787,-4.0023737
-1.3983941,0.16981298,-4.016134
-1.3983941,0.16981298,-4.016134
-1.414519,0.16929156,-4.0211897
-1.433091,0.16841127,-4.027155
-1.433091,0.16841127,-4.027155
-1.433091,0.16841127,-4.027155
-1.433091,0.16841127,-4.027155
-1.4732435,0.16666743,-4.033165
-1.4732435,0.16666743,-4.033165
-1.4732435,0.16666743,-4.033165
-1.4965055,0.16489924,-4.037265
-1.508456,0.16372322,-4.039012
-1.5280281,0.16231364,-4.0411153
-1.5280281,0.16231364,-4.0411153
-1.5280281,0.16231364,-4.0411153
-1.546141,0.16095793,-4.042544
-1.546141,0.16095793,-4.042544
-1.546141,0.16095793,-4.042544
-1.546141,0.16095793,-4.042544
-1.546141,0.16095793,-4.042544
-1.546141,0.16095793,-4.042544
-1.546141,0.16095793,-4.042544
-1.648483,0.15397805,-4.04721
-1.648483,0.15397805,-4.04721
-1.6672897,0.15288743,-4.0481515
-1.6672897,0.15288743,-4.0481515
-1.695732,0.15122174,-4.048804
-1.695732,0.15122174,-4.048804
-1.7132938,0.15014617,-4.0493016
-1.7339712,0.1490623,-4.0490265
-1.7339712,0.1490623,-4.0490265
-1.7339712,0.1490623,-4.0490265
-1.7339712,0.1490623,-4.0490265
-1.7339712,0.1490623,-4.0490265
-1.7339712,0.1490623,-4.0490265
-1.7339712,0.1490623,-4.0490265
-1.8081573,0.14510332,-4.049366
-1.8215297,0.14447592,-4.048933
-1.841364,0.14333978,-4.049328
-1.841364,0.14333978,-4.049328
-1.8622147,0.14242958,-4.0491414
-1.8827214,0.14144133,-4.0491576
-1.8827214,0.14144133,-4.0491576
-1.9036546,0.14122215,-4.049148
-1.9311843,0.14026672,-4.0492234
-1.9311843,0.14026672,-4.0492234
-1.9510922,0.1399315,-4.0491166
-1.9510922,0.1399315,-4.0491166
-1.9719692,0.14013918,-4.0495057
-1.9719692,0.14013918,-4.0495057
-1.9719692,0.14013918,-4.0495057
-1.9719692,0.14013918,-4.0495057
-1.9719692,0.14013918,-4.0495057
-1.9719692,0.14013918,-4.0495057
-2.0516,0.14052957,-4.049692
-2.0516,0.14052957,-4.049692
-2.0695453,0.13985465,-4.0481315
-2.0695453,0.13985465,-4.0481315
-2.0695453,0.13985465,-4.0481315
-2.0695453,0.13985465,-4.0481315
-2.0695453,0.13985465,-4.0481315
-2.1166558,0.13848732,-4.0476723
-2.13111,0.13794512,-4.0477686
-2.13111,0.13794512,-4.0477686
-2.13111,0.13794512,-4.0477686
-2.1496353,0.13743654,-4.0467997
-2.1496353,0.13743654,-4.0467997
-2.1496353,0.13743654,-4.0467997
-2.1496353,0.13743654,-4.0467997
-2.2189372,0.13493066,-4.0413737
-2.2189372,0.13493066,-4.0413737
-2.2397208,0.13435589,-4.038929
-2.2397208,0.13435589,-4.038929
-2.264357,0.13360338,-4.0359187
-2.2789,0.13322172,-4.0336404
-2.2789,0.13322172,-4.0336404
-2.3053248,0.13265677,-4.030339
-2.3260636,0.1319698,-4.028306
-2.3260636,0.1319698,-4.028306
-2.3456812,0.13020974,-4.0260653
-2.3456812,0.13020974,-4.0260653
-2.3677168,0.12918319,-4.0240755
-2.3677168,0.12918319,-4.0240755
-2.3677168,0.12918319,-4.0240755
-2.395117,0.12843342,-4.0219116
-2.395117,0.12843342,-4.0219116
-2.395117,0.12843342,-4.0219116
-2.395117,0.12843342,-4.0219116
-2.395117,0.12843342,-4.0219116
-2.395117,0.12843342,-4.0219116
-2.395117,0.12843342,-4.0219116
-2.395117,0.12843342,-4.0219116
-2.5046768,0.12479055,-4.0155787
-2.5046768,0.12479055,-4.0155787
-2.5259311,0.12398033,-4.015074
-2.5462327,0.12373902,-4.0150356
-2.5462327,0.12373902,-4.0150356
-2.566862,0.123542726,-4.014391
-2.5882554,0.12289552,-4.0137296
-2.5882554,0.12289552,-4.0137296
-2.5882554,0.12289552,-4.0137296
-2.5882554,0.12289552,-4.0137296
-2.6336513,0.12132768,-4.013989
-2.6336513,0.12132768,-4.013989
-2.6680765,0.11962225,-4.013803
-2.674894,0.11935001,-4.013444
-2.6959934,0.11838865,-4.0134993
-2.6959934,0.11838865,-4.0134993
-2.6959934,0.11838865,-4.0134993
-2.7285223,0.11792941,-4.012978
-2.7433496,0.11743706,-4.0128613
-2.760117,0.11722814,-4.013523
-2.760117,0.11722814,-4.013523
-2.7857385,0.116483904,-4.0138783
-2.7857385,0.116483904,-4.0138783
-2.7857385,0.116483904,-4.0138783
-2.8039505,0.11643226,-4.0132823
-2.8039505,0.11643226,-4.0132823
-2.8039505,0.11643226,-4.0132823
-2.8039505,0.11643226,-4.0132823
-2.8039505,0.11643226,-4.0132823
-2.8039505,0.11643226,-4.0132823
-2.8039505,0.11643226,-4.0132823
-2.8039505,0.11643226,-4.0132823
-2.8915417,0.11380809,-4.0070734
-2.8915417,0.11380809,-4.0070734
-2.9145825,0.11303927,-4.0033255
-2.9145825,0.11303927,-4.0033255
-2.9337895,0.1121073,-4.001658
-2.9337895,0.1121073,-4.001658
-2.9337895,0.1121073,-4.001658
-2.953939,0.11164889,-3.9987319
-2.953939,0.11164889,-3.9987319
-2.9817762,0.11022288,-3.9966867
-2.9817762,0.11022288,-3.9966867
-2.9817762,0.11022288,-3.9966867
-2.9817762,0.11022288,-3.9966867
-2.9817762,0.11022288,-3.9966867
-2.9817762,0.11022288,-3.9966867
-2.9817762,0.11022288,-3.9966867
-3.065473,0.107601814,-3.9871361
-3.065473,0.107601814,-3.9871361
-3.0867734,0.1071185,-3.9835558
-3.0867734,0.1071185,-3.9835558
-3.0867734,0.1071185,-3.9835558
-3.1276138,0.10613462,-3.9772768
-3.1276138,0.10613462,-3.9772768
-3.1276138,0.10613462,-3.9772768
-3.1276138,0.10613462,-3.9772768
-3.1733956,0.104526535,-3.9712675
-3.193417,0.104021475,-3.968678
-3.193417,0.104021475,-3.968678
-3.193417,0.104021475,-3.968678
-3.2229617,0.10358313,-3.9657798
-3.2229617,0.10358313,-3.9657798
-3.2229617,0.10358313,-3.9657798
-3.2229617,0.10358313,-3.9657798
-3.2229617,0.10358313,-3.9657798
-3.2229617,0.10358313,-3.9657798
-3.2890723,0.10167865,-3.9591157
-3.3147576,0.10083446,-3.9579155
-3.3265753,0.100328535,-3.9570768
-3.3265753,0.100328535,-3.9570768
-3.356142,0.09934717,-3.9559994
-3.356142,0.09934717,-3.9559994
-3.3677871,0.0993671,-3.9553227
-3.385125,0.09876624,-3.954579
-3.385125,0.09876624,-3.954579
-3.385125,0.09876624,-3.954579
-3.385125,0.09876624,-3.954579
-3.4345353,0.09698023,-3.9540493
-3.44738,0.09675715,-3.9535189
-3.44738,0.09675715,-3.9535189
-3.4652376,0.09594146,-3.9542236
-3.484836,0.09529132,-3.9528863
-3.484836,0.09529132,-3.9528863
-3.484836,0.09529132,-3.9528863
-3.510294,0.09425628,-3.949148
-3.510294,0.09425628,-3.949148
-3.529209,0.09421405,-3.9453197
-3.5499904,0.093481675,-3.943571
-3.5692043,0.093379945,-3.9427354
-3.5692043,0.093379945,-3.9427354
-3.597214,0.092140615,-3.9434462
-3.597214,0.092140615,-3.9434462
-3.625523,0.09157771,-3.9428973
-3.625523,0.09157771,-3.9428973
-3.625523,0.09157771,-3.9428973
-3.625523,0.09157771,-3.9428973
-3.625523,0.09157771,-3.9428973
-3.625523,0.09157771,-3.9428973
-3.625523,0.09157771,-3.9428973
-3.625523,0.09157771,-3.9428973
-3.730853,0.0885047,-3.9415944
-3.758207,0.08807282,-3.9415452
-3.758207,0.08807282,-3.9415452
-3.7712684,0.08772883,-3.9421308
-3.7925167,0.08805282,-3.941817
-3.7925167,0.08805282,-3.941817
-3.8204901,0.087634414,-3.9424763
-3.8204901,0.087634414,-3.9424763
-3.8204901,0.087634414,-3.9424763
-3.8204901,0.087634414,-3.9424763
-3.8650947,0.087190196,-3.9441214
-3.8863254,0.087206215,-3.9445577
-3.90806,0.08684226,-3.9447272
-3.90806,0.08684226,-3.9447272
-3.9355772,0.085876785,-3.9446833
-3.9355772,0.085876785,-3.9446833
-3.9355772,0.085876785,-3.9446833
-3.9568403,0.08547355,-3.945225
-3.9568403,0.08547355,-3.945225
-3.9568403,0.08547355,-3.945225
-4.0074363,0.084738605,-3.944415
-4.029918,0.08425899,-3.9443657
-4.029918,0.08425899,-3.9443657
-4.029918,0.08425899,-3.9443657
-4.0520363,0.08399609,-3.9443128
-4.073595,0.084042326,-3.9431338
-4.073595,0.084042326,-3.9431338
-4.073595,0.084042326,-3.9431338
-4.073595,0.084042326,-3.9431338
-4.073595,0.084042326,-3.9431338
-4.073595,0.084042326,-3.9431338
-4.073595,0.084042326,-3.9431338
-4.155754,0.08255322,-3.9402
-4.1699696,0.08211774,-3.9390795
-4.192405,0.081089,-3.9369493
-4.192405,0.081089,-3.9369493
-4.2146597,0.08048296,-3.935053
-4.241956,0.079697914,-3.9326453
-4.241956,0.079697914,-3.9326453
-4.2589207,0.0793082,-3.9304714
-4.2589207,0.0793082,-3.9304714
-4.2589207,0.0793082,-3.9304714
-4.2589207,0.0793082,-3.9304714
-4.2589207,0.0793082,-3.9304714
-4.3210506,0.07749938,-3.9226506
-4.33488,0.077238195,-3.9206498
-4.33488,0.077238195,-3.9206498
-4.357372,0.075861335,-3.9181247
-4.357372,0.075861335,-3.9181247
-4.3773575,0.07516,-3.9162343
-4.3994246,0.07468043,-3.913527
-4.3994246,0.07468043,-3.913527
-4.4261065,0.07467519,-3.9097497
-4.4261065,0.07467519,-3.9097497
-4.440376,0.07434018,-3.9073777
-4.440376,0.07434018,-3.9073777
-4.4616785,0.07389786,-3.9044383
-4.4616785,0.07389786,-3.9044383
-4.4884934,0.073013306,-3.900103
-4.4884934,0.073013306,-3.900103
-4.4884934,0.073013306,-3.900103
-4.4884934,0.073013306,-3.900103
-4.4884934,0.073013306,-3.900103
-4.4884934,0.073013306,-3.900103
-4.4884934,0.073013306,-3.900103
-4.4884934,0.073013306,-3.900103
-4.597182,0.07063852,-3.8907065
-4.6188335,0.06998211,-3.8882759
-4.6188335,0.06998211,-3.8882759
-4.6188335,0.06998211,-3.8882759
-4.6558557,0.06903046,-3.885066
-4.670325,0.06871941,-3.8842123
-4.670325,0.06871941,-3.8842123
-4.6942472,0.06821986,-3.8830798
-4.6942472,0.06821986,-3.8830798
-4.6942472,0.06821986,-3.8830798
-4.6942472,0.06821986,-3.8830798
-4.7488565,0.06771321,-3.8807116
-4.7646265,0.06653152,-3.8796782
-4.7646265,0.06653152,-3.8796782
-4.7646265,0.06653152,-3.8796782
-4.7945347,0.06579233,-3.8772862
-4.8092484,0.064888686,-3.8761191
-4.8393307,0.06380125,-3.874246
-4.8393307,0.06380125,-3.874246
-4.861008,0.062324636,-3.8738256
-4.861008,0.062324636,-3.8738256
-4.861008,0.062324636,-3.8738256
-4.8907976,0.06092803,-3.8722732
-4.903214,0.060221255,-3.871806
-4.9267325,0.058747612,-3.8699768
-4.9267325,0.058747612,-3.8699768
-4.955887,0.0581024,-3.8660235
-4.955887,0.0581024,-3.8660235
-4.955887,0.0581024,-3.8660235
-4.955887,0.0581024,-3.8660235
-4.955887,0.0581024,-3.8660235
-4.955887,0.0581024,-3.8660235
-4.955887,0.0581024,-3.8660235
-4.955887,0.0581024,-3.8660235
-4.955887,0.0581024,-3.8660235
-5.066923,0.05338037,-3.8496583
-5.066923,0.05338037,-3.8496583
-5.066923,0.05338037,-3.8496583
-5.0956917,0.052112333,-3.8451662
-5.1193004,0.05115249,-3.840839
-5.1193004,0.05115249,-3.840839
-5.1403737,0.05040899,-3.8351455
-5.161682,0.049827017,-3.8292341
-5.161682,0.049827017,-3.8292341
-5.161682,0.049827017,-3.8292341
-5.161682,0.049827017,-3.8292341
-5.2100563,0.04738296,-3.8100789
-5.2100563,0.04738296,-3.8100789
-5.2298155,0.046273403,-3.7990444
-5.2511954,0.045741983,-3.7873492
-5.2511954,0.045741983,-3.7873492
-5.2723446,0.04498674,-3.7763426
-5.3028603,0.044414468,-3.762592
-5.3028603,0.044414468,-3.762592
-5.3028603,0.044414468,-3.762592
-5.3455133,0.043539852,-3.7432778
-5.3455133,0.043539852,-3.7432778
-5.3660617,0.04263781,-3.7331839
-5.3660617,0.04263781,-3.7331839
-5.388936,0.043234758,-3.725599
-5.388936,0.043234758,-3.725599
-5.388936,0.043234758,-3.725599
-5.388936,0.043234758,-3.725599
-5.388936,0.043234758,-3.725599
-5.388936,0.043234758,-3.725599
-5.388936,0.043234758,-3.725599
-5.388936,0.043234758,-3.725599
-5.388936,0.043234758,-3.725599
-5.388936,0.043234758,-3.725599
-5.5136876,0.040624373,-3.6822796
-5.5403624,0.039903976,-3.674759
-5.5403624,0.039903976,-3.674759
-5.563643,0.039129816,-3.667441
-5.5913973,0.039218552,-3.6592472
-5.5913973,0.039218552,-3.6592472
-5.625342,0.037969403,-3.6488757
-5.625342,0.037969403,-3.6488757
-5.625342,0.037969403,-3.6488757
-5.625342,0.037969403,-3.6488757
-5.625342,0.037969403,-3.6488757
-5.625342,0.037969403,-3.6488757
-5.7308598,0.03345126,-3.6159923
-5.7308598,0.03345126,-3.6159923
-5.756258,0.03263043,-3.6079044
-5.756258,0.03263043,-3.6079044
-5.7905293,0.02986519,-3.5953467
-5.815501,0.0290083,-3.5861542
-5.815501,0.0290083,-3.5861542
-5.848204,0.025999248,-3.5728621
-5.848204,0.025999248,-3.5728621
-5.8709936,0.024912462,-3.5599127
-5.8933597,0.024078503,-3.5462053
-5.8933597,0.024078503,-3.5462053
-5.8933597,0.024078503,-3.5462053
-5.8933597,0.024078503,-3.5462053
-5.8933597,0.024078503,-3.5462053
-5.8933597,0.024078503,-3.5462053
-5.8933597,0.024078503,-3.5462053
-5.8933597,0.024078503,-3.5462053
-6.003472,0.018388472,-3.4699562
-6.003472,0.018388472,-3.4699562
-6.003472,0.018388472,-3.4699562
-6.0407987,0.015588447,-3.4370208
-6.0407987,0.015588447,-3.4370208
-6.0407987,0.015588447,-3.4370208
-6.0758147,0.013233087,-3.4016354
-6.0758147,0.013233087,-3.4016354
-6.093181,0.011942348,-3.3823957
-6.093181,0.011942348,-3.3823957
-6.093181,0.011942348,-3.3823957
-6.093181,0.011942348,-3.3823957
-6.093181,0.011942348,-3.3823957
-6.1444116,0.006922349,-3.3153794
-6.159975,0.0055525447,-3.293692
-6.159975,0.0055525447,-3.293692
-6.1734214,0.0038312376,-3.271321
-6.187321,0.0026960522,-3.2498786
-6.187321,0.0026960522,-3.2498786
-6.187321,0.0026960522,-3.2498786
-6.2040825,0.0010720415,-3.2221487
-6.216907,-4.118681e-05,-3.2002537
-6.2283444,-0.0014357418,-3.177658
-6.2283444,-0.0014357418,-3.177658
-6.238518,-0.0023533702,-3.154374
-6.238518,-0.0023533702,-3.154374
-6.2528453,-0.003983319,-3.1243076
-6.2528453,-0.003983319,-3.1243076
-6.2528453,-0.003983319,-3.1243076
-6.2528453,-0.003983319,-3.1243076
-6.2528453,-0.003983319,-3.1243076
-6.2528453,-0.003983319,-3.1243076
-6.2528453,-0.003983319,-3.1243076
-6.2948513,-0.0068838447,-3.0096965
-6.2948513,-0.0068838447,-3.0096965
-6.3057127,-0.008913599,-2.9773514
-6.3057127,-0.008913599,-2.9773514
-6.31149,-0.0100826165,-2.9513478
-6.319061,-0.01139608,-2.9255733
-6.319061,-0.01139608,-2.9255733
-6.3245616,-0.012930319,-2.900068
-6.3245616,-0.012930319,-2.900068
-6.3245616,-0.012930319,-2.900068
-6.3382673,-0.015610024,-2.8400369
-6.3382673,-0.015610024,-2.8400369
-6.343776,-0.016265988,-2.8152254
-6.3492794,-0.016974911,-2.7900674
-6.3492794,-0.016974911,-2.7900674
-6.3562646,-0.018380798,-2.759134
-6.3562646,-0.018380798,-2.759134
-6.361896,-0.019353904,-2.7333608
-6.361896,-0.019353904,-2.7333608
-6.368109,-0.020918474,-2.7112985
-6.376936,-0.022411294,-2.6769066
-6.376936,-0.022411294,-2.6769066
-6.3815007,-0.022250712,-2.6545858
-6.3815007,-0.022250712,-2.6545858
-6.3880925,-0.023078993,-2.6290164
-6.3880925,-0.023078993,-2.6290164
-6.3880925,-0.023078993,-2.6290164
-6.3880925,-0.023078993,-2.6290164
-6.3880925,-0.023078993,-2.6290164
-6.3880925,-0.023078993,-2.6290164
-6.3880925,-0.023078993,-2.6290164
-6.4315515,-0.026722886,-2.5295193
-6.437197,-0.02765949,-2.5150075
-6.44736,-0.028767318,-2.4895294
-6.44736,-0.028767318,-2.4895294
-6.4566655,-0.030234009,-2.465927
-6.4654675,-0.031062067,-2.4393864
-6.4654675,-0.031062067,-2.4393864
-6.4756284,-0.03342645,-2.4137063
-6.4854865,-0.03454078,-2.3876727
-6.4854865,-0.03454078,-2.3876727
-6.4854865,-0.03454078,-2.3876727
-6.4854865,-0.03454078,-2.3876727
-6.501608,-0.03923665,-2.3301442
-6.501608,-0.03923665,-2.3301442
-6.5042343,-0.041010514,-2.3030963
-6.5045056,-0.042210117,-2.279758
-6.5045056,-0.042210117,-2.279758
-6.505066,-0.043348625,-2.2478075
-6.4988966,-0.044766456,-2.2322423
-6.4988966,-0.044766456,-2.2322423
-6.4988966,-0.044766456,-2.2322423
-6.4978824,-0.045637384,-2.207183
-6.4934454,-0.046156496,-2.1943667
-6.4934454,-0.046156496,-2.1943667
-6.4923153,-0.046604216,-2.1696002
-6.4923153,-0.046604216,-2.1696002
-6.4923153,-0.046604216,-2.1696002
-6.4923153,-0.046604216,-2.1696002
-6.49138,-0.047002092,-2.148895
-6.49138,-0.047002092,-2.148895
-6.49138,-0.047002092,-2.148895
-6.49138,-0.047002092,-2.148895
-6.49138,-0.047002092,-2.148895
-6.49138,-0.047002092,-2.148895
-6.49138,-0.047002092,-2.148895
-6.49138,-0.047002092,-2.148895
-6.5022173,-0.05583784,-2.0080464
-6.5057645,-0.05775228,-1.9806733
-6.5057645,-0.05775228,-1.9806733
-6.5069284,-0.05856294,-1.9537339
-6.5069284,-0.05856294,-1.9537339
-6.5087776,-0.060309798,-1.9283109
-6.5101366,-0.06154217,-1.9015062
-6.5101366,-0.06154217,-1.9015062
-6.5101366,-0.06154217,-1.9015062
-6.5101366,-0.06154217,-1.9015062
-6.5101366,-0.06154217,-1.9015062
-6.5101366,-0.06154217,-1.9015062
-6.321697,-0.039720163,-1.9724357
-6.3248672,-0.041043714,-1.9468867
-6.3248672,-0.041043714,-1.9468867
-6.3263917,-0.04214421,-1.920711
-6.3263917,-0.04214421,-1.920711
-6.3276467,-0.04239726,-1.8951366
-6.3276467,-0.04239726,-1.8951366
-6.3292255,-0.04320182,-1.8691494
-6.3292255,-0.04320182,-1.8691494
-6.330718,-0.045352213,-1.834882
-6.330718,-0.045352213,-1.834882
-6.331826,-0.04652168,-1.8077471
-6.332398,-0.04713177,-1.7833958
-6.332398,-0.04713177,-1.7833958
-6.332398,-0.04713177,-1.7833958
-6.3334885,-0.048018605,-1.7562624
-6.3334885,-0.048018605,-1.7562624
-6.3334885,-0.048018605,-1.7562624
-6.3334885,-0.048018605,-1.7562624
-6.3334885,-0.048018605,-1.7562624
-6.3334885,-0.048018605,-1.7562624
-6.3334885,-0.048018605,-1.7562624
-6.354928,-0.054556645,-1.6239794
-6.354928,-0.054556645,-1.6239794
-6.3602004,-0.055700228,-1.5980614
-6.3665214,-0.055908203,-1.5665532
-6.3665214,-0.055908203,-1.5665532
-6.372088,-0.05683405,-1.54071
-6.372088,-0.05683405,-1.54071
-6.378601,-0.05770296,-1.5196836
-6.378601,-0.05770296,-1.5196836
-6.378601,-0.05770296,-1.5196836
-6.378601,-0.05770296,-1.5196836
-6.378601,-0.05770296,-1.5196836
-6.3933644,-0.060683385,-1.4558765
-6.3953075,-0.06084738,-1.4472309
-6.3953075,-0.06084738,-1.4472309
-6.4013658,-0.06268516,-1.4159728
-6.4013658,-0.06268516,-1.4159728
-6.407749,-0.0644304,-1.3951049
-6.4128265,-0.06491362,-1.3688775
-6.4128265,-0.06491362,-1.3688775
-6.419074,-0.06596524,-1.3413671
-6.419074,-0.06596524,-1.3413671
-6.426409,-0.066959865,-1.3211503
-6.4365835,-0.06820373,-1.2989125
-6.4365835,-0.06820373,-1.2989125
-6.4458456,-0.06891641,-1.2776487
-6.4458456,-0.06891641,-1.2776487
-6.459145,-0.07048254,-1.2464919
-6.459145,-0.07048254,-1.2464919
-6.459145,-0.07048254,-1.2464919
-6.459145,-0.07048254,-1.2464919
-6.459145,-0.07048254,-1.2464919
-6.459145,-0.07048254,-1.2464919
-6.4965076,-0.07651761,-1.167224
-6.5039682,-0.078513935,-1.1499983
-6.5039682,-0.078513935,-1.1499983
-6.5039682,-0.078513935,-1.1499983
-6.5170913,-0.08054421,-1.1199043
-6.523639,-0.08032115,-1.1090801
-6.523639,-0.08032115,-1.1090801
-6.537526,-0.08165856,-1.0816078
-6.537526,-0.08165856,-1.0816078
-6.537526,-0.08165856,-1.0816078
-6.5480046,-0.08310968,-1.0661477
-6.5480046,-0.08310968,-1.0661477
-6.5480046,-0.08310968,-1.0661477
-6.5480046,-0.08310968,-1.0661477
-6.5480046,-0.08310968,-1.0661477
-6.572642,-0.08495355,-1.0208384
-6.583057,-0.08602268,-0.99839044
-6.583057,-0.08602268,-0.99839044
-6.5917597,-0.08637959,-0.9819102
-6.6022067,-0.087782174,-0.95972604
-6.6022067,-0.087782174,-0.95972604
-6.6140633,-0.08858629,-0.9338575
-6.623065,-0.08990626,-0.9134158
-6.623065,-0.08990626,-0.9134158
-6.623065,-0.08990626,-0.9134158
-6.6333113,-0.09112442,-0.8917526
-6.644135,-0.09188501,-0.8719764
-6.644135,-0.09188501,-0.8719764
-6.653285,-0.092318244,-0.85063154
-6.661982,-0.092715055,-0.8290744
-6.661982,-0.092715055,-0.8290744
-6.661982,-0.092715055,-0.8290744
-6.661982,-0.092715055,-0.8290744
-6.661982,-0.092715055,-0.8290744
-6.661982,-0.092715055,-0.8290744
-6.661982,-0.092715055,-0.8290744
-6.7008967,-0.09453553,-0.7444517
-6.710964,-0.09523855,-0.7239103
-6.710964,-0.09523855,-0.7239103
-6.7182975,-0.09663585,-0.7039258
-6.7182975,-0.09663585,-0.7039258
-6.7182975,-0.09663585,-0.7039258
-6.730411,-0.09744364,-0.67539895
-6.7359877,-0.09934643,-0.66720253
-6.7493153,-0.100835495,-0.6393168
-6.7493153,-0.100835495,-0.6393168
-6.7493153,-0.100835495,-0.6393168
-6.7493153,-0.100835495,-0.6393168
-6.768202,-0.1033147,-0.6000049
-6.773442,-0.1040152,-0.57860607
-6.773442,-0.1040152,-0.57860607
-6.7767076,-0.105016194,-0.55470866
-6.7767076,-0.105016194,-0.55470866
-6.7767076,-0.105016194,-0.55470866
-6.7767076,-0.105016194,-0.55470866
-6.782743,-0.10522693,-0.511229
-6.782743,-0.10522693,-0.511229
-6.782743,-0.10522693,-0.511229
-6.790594,-0.10752469,-0.46971336
-6.794722,-0.10913003,-0.45131275
-6.798777,-0.11020209,-0.42720357
-6.798777,-0.11020209,-0.42720357
-6.804377,-0.11187073,-0.40286353
-6.804377,-0.11187073,-0.40286353
-6.812547,-0.11360432,-0.3724909
-6.812547,-0.11360432,-0.3724909
-6.812547,-0.11360432,-0.3724909
-6.812547,-0.11360432,-0.3724909
-6.812547,-0.11360432,-0.3724909
-6.812547,-0.11360432,-0.3724909
-6.812547,-0.11360432,-0.3724909
-6.812547,-0.11360432,-0.3724909
-6.812547,-0.11360432,-0.3724909
-6.812547,-0.11360432,-0.3724909
-6.8501997,-0.118844695,-0.26678637
-6.8501997,-0.118844695,-0.26678637
-6.856946,-0.1195949,-0.24519145
-6.8655815,-0.12059765,-0.22447503
-6.8655815,-0.12059765,-0.22447503
-6.8655815,-0.12059765,-0.22447503
-6.8718314,-0.12172666,-0.20330307
-6.8718314,-0.12172666,-0.20330307
-6.8718314,-0.12172666,-0.20330307
-6.8718314,-0.12172666,-0.20330307
-6.8946095,-0.12570158,-0.1301097
-6.8946095,-0.12570158,-0.1301097
-6.8946095,-0.12570158,-0.1301097
-6.902618,-0.12697414,-0.10979128
-6.9106474,-0.12829328,-0.0883857
-6.9106474,-0.12829328,-0.0883857
-6.915427,-0.12961566,-0.070055716
-6.9185753,-0.1309392,-0.04747394
-6.9185753,-0.1309392,-0.04747394
-6.9185753,-0.1309392,-0.04747394
-6.9227495,-0.13419303,0.0032919124
-6.9227495,-0.13419303,0.0032919124
-6.926565,-0.13568962,0.022369318
-6.926565,-0.13568962,0.022369318
-6.926565,-0.13568962,0.022369318
-6.9279046,-0.13632406,0.05472576
-6.9279046,-0.13632406,0.05472576
-6.9279046,-0.13632406,0.05472576
-6.9279046,-0.13632406,0.05472576
-6.9279046,-0.13632406,0.05472576
-6.9279046,-0.13632406,0.05472576
-6.9279046,-0.13632406,0.05472576
-6.9252944,-0.1422872,0.13982847
-6.92444,-0.143472,0.15470837
-6.92444,-0.143472,0.15470837
-6.921467,-0.14523979,0.18263313
-6.919173,-0.1462113,0.20305118
-6.919173,-0.1462113,0.20305118
-6.9155674,-0.14666995,0.22428033
-6.912708,-0.14742711,0.24575403
-6.912708,-0.14742711,0.24575403
-6.912708,-0.14742711,0.24575403
-6.912708,-0.14742711,0.24575403
-6.912708,-0.14742711,0.24575403
-6.904655,-0.1494134,0.30533093
-6.903809,-0.149133,0.3289462
-6.9022985,-0.14956668,0.34369013
-6.9022985,-0.14956668,0.34369013
-6.8995595,-0.15153646,0.36488813
-6.8995595,-0.15153646,0.36488813
-6.8931046,-0.15219031,0.386143
-6.8931046,-0.15219031,0.386143
-6.8839526,-0.1534897,0.41765755
-6.8752027,-0.1539963,0.4391887
-6.8752027,-0.1539963,0.4391887
-6.8669777,-0.15355757,0.45859316
-6.8669777,-0.15355757,0.45859316
-6.857379,-0.15388267,0.47910467
-6.857379,-0.15388267,0.47910467
-6.857379,-0.15388267,0.47910467
-6.857379,-0.15388267,0.47910467
-6.857379,-0.15388267,0.47910467
-6.857379,-0.15388267,0.47910467
-6.857379,-0.15388267,0.47910467
-6.857379,-0.15388267,0.47910467
-6.857379,-0.15388267,0.47910467
-6.829113,-0.15904865,0.60049003
-6.8256364,-0.16086435,0.6296464
-6.8245044,-0.16175407,0.64463335
-6.8245044,-0.16175407,0.64463335
-6.8202496,-0.16409443,0.67566943
-6.8202496,-0.16409443,0.67566943
-6.818473,-0.16538855,0.6982722
-6.8150697,-0.16782573,0.7245208
-6.8150697,-0.16782573,0.7245208
-6.8150697,-0.16782573,0.7245208
-6.8150697,-0.16782573,0.7245208
-6.807991,-0.17077352,0.78038543
-6.8021564,-0.17191912,0.80374014
-6.8021564,-0.17191912,0.80374014
-6.7873344,-0.17377242,0.8356771
-6.7775307,-0.17491113,0.85934895
-6.7775307,-0.17491113,0.85934895
-6.770072,-0.17598434,0.8823821
-6.770072,-0.17598434,0.8823821
-6.762068,-0.17782478,0.9033956
-6.75132,-0.1788378,0.92342657
-6.75132,-0.1788378,0.92342657
-6.739471,-0.1798369,0.94101584
-6.739471,-0.1798369,0.94101584
-6.7265377,-0.18046987,0.9595299
-6.711241,-0.18025199,0.9835392
-6.711241,-0.18025199,0.9835392
-6.711241,-0.18025199,0.9835392
-6.711241,-0.18025199,0.9835392
-6.711241,-0.18025199,0.9835392
-6.711241,-0.18025199,0.9835392
-6.711241,-0.18025199,0.9835392
-6.6558347,-0.18064567,1.065441
-6.646907,-0.18062583,1.0766444
-6.646907,-0.18062583,1.0766444
-6.646907,-0.18062583,1.0766444
-6.646907,-0.18062583,1.0766444
-6.646907,-0.18062583,1.0766444
-6.6181774,-0.1789813,1.1100303
-6.6001496,-0.17714253,1.1305358
-6.6001496,-0.17714253,1.1305358
-6.6001496,-0.17714253,1.1305358
-6.6001496,-0.17714253,1.1305358
-6.6001496,-0.17714253,1.1305358
-6.5565076,-0.17676269,1.1800658
-6.5565076,-0.17676269,1.1800658
-6.532735,-0.17611797,1.2060549
-6.522041,-0.17586727,1.2164341
-6.522041,-0.17586727,1.2164341
-6.5069904,-0.175722,1.2341605
-6.4911795,-0.17784548,1.2509139
-6.4911795,-0.17784548,1.2509139
-6.4757504,-0.1777348,1.2680098
-6.4634356,-0.1789306,1.2841833
-6.4634356,-0.1789306,1.2841833
-6.449692,-0.17979853,1.3004792
-6.449692,-0.17979853,1.3004792
-6.449692,-0.17979853,1.3004792
-6.41233,-0.18062027,1.3472022
-6.41233,-0.18062027,1.3472022
-6.41233,-0.18062027,1.3472022
-6.41233,-0.18062027,1.3472022
-6.41233,-0.18062027,1.3472022
-6.41233,-0.18062027,1.3472022
-6.3592167,-0.18233871,1.4100536
-6.3592167,-0.18233871,1.4100536
-6.340391,-0.18255058,1.4350268
-6.340391,-0.18255058,1.4350268
-6.325606,-0.1831721,1.4527991
-6.3092604,-0.18420476,1.4706842
-6.3092604,-0.18420476,1.4706842
-6.2885356,-0.18547045,1.4938892
-6.2885356,-0.18547045,1.4938892
-6.2885356,-0.18547045,1.4938892
-6.2885356,-0.18547045,1.4938892
-6.2458735,-0.1876235,1.5422993
-6.2458735,-0.1876235,1.5422993
-6.222961,-0.18815866,1.5677017
-6.222961,-0.18815866,1.5677017
-6.222961,-0.18815866,1.5677017
-6.2064633,-0.18861338,1.5874574
-6.1835213,-0.1884716,1.6143055
-6.1835213,-0.1884716,1.6143055
-6.1835213,-0.1884716,1.6143055
-6.1665435,-0.18854442,1.6333096
-6.14733,-0.18815231,1.6557018
-6.14733,-0.18815231,1.6557018
-6.1300526,-0.18824986,1.6743346
-6.1300526,-0.18824986,1.6743346
-6.106364,-0.18866244,1.6996303
-6.106364,-0.18866244,1.6996303
-6.106364,-0.18866244,1.6996303
-6.106364,-0.18866244,1.6996303
-6.106364,-0.18866244,1.6996303
-6.106364,-0.18866244,1.6996303
-6.106364,-0.18866244,1.6996303
-6.106364,-0.18866244,1.6996303
-6.016964,-0.18936637,1.7906511
-6.0061193,-0.18920688,1.8005023
-6.0061193,-0.18920688,1.8005023
-5.983529,-0.18953334,1.8199613
-5.983529,-0.18953334,1.8199613
-5.9606633,-0.18987173,1.8396697
-5.9478517,-0.18938008,1.8504819
-5.9478517,-0.18938008,1.8504819
-5.930408,-0.18924311,1.8672498
-5.930408,-0.18924311,1.8672498
-5.930408,-0.18924311,1.8672498
-5.930408,-0.18924311,1.8672498
-5.930408,-0.18924311,1.8672498
-5.873034,-0.1906275,1.9192302
-5.855915,-0.19068262,1.9351643
-5.855915,-0.19068262,1.9351643
-5.839296,-0.1897577,1.9481167
-5.839296,-0.1897577,1.9481167
-5.816778,-0.18963104,1.9684128
-5.801003,-0.18946311,1.9809467
-5.801003,-0.18946311,1.9809467
-5.783936,-0.18935516,1.9961959
-5.783936,-0.18935516,1.9961959
-5.7701583,-0.1906584,2.008398
-5.7701583,-0.1906584,2.008398
-5.7531953,-0.19077042,2.0232937
-5.7531953,-0.19077042,2.0232937
-5.7303376,-0.19227697,2.0395224
-5.7303376,-0.19227697,2.0395224
-5.7303376,-0.19227697,2.0395224
-5.7303376,-0.19227697,2.0395224
-5.7303376,-0.19227697,2.0395224
-5.7303376,-0.19227697,2.0395224
-5.7303376,-0.19227697,2.0395224
-5.658938,-0.19526507,2.097346
-5.653147,-0.19538547,2.1020262
-5.653147,-0.19538547,2.1020262
-5.6306615,-0.19587739,2.1205273
-5.613624,-0.19644208,2.1341865
-5.613624,-0.19644208,2.1341865
-5.596657,-0.19635434,2.1472702
-5.596657,-0.19635434,2.1472702
-5.5763702,-0.19805817,2.1634595
-5.5763702,-0.19805817,2.1634595
-5.5763702,-0.19805817,2.1634595
-5.541354,-0.19822688,2.1931498
-5.5231194,-0.19847229,2.2071948
-5.5231194,-0.19847229,2.2071948
-5.4997516,-0.19914803,2.2246776
-5.4997516,-0.19914803,2.2246776
-5.4806085,-0.19929957,2.2375782
-5.4806085,-0.19929957,2.2375782
-5.4806085,-0.19929957,2.2375782
-5.4579654,-0.19881122,2.2466247
-5.430601,-0.19786687,2.2568307
-5.430601,-0.19786687,2.2568307
-5.4106526,-0.19723484,2.2651012
-5.4106526,-0.19723484,2.2651012
-5.389169,-0.19620588,2.276906
-5.3685827,-0.19523558,2.2860239
-5.3685827,-0.19523558,2.2860239
-5.345033,-0.19516094,2.296281
-5.345033,-0.19516094,2.296281
-5.345033,-0.19516094,2.296281
-5.345033,-0.19516094,2.296281
-5.345033,-0.19516094,2.296281
-5.345033,-0.19516094,2.296281
-5.250108,-0.19305293,2.3337855
-5.250108,-0.19305293,2.3337855
-5.250108,-0.19305293,2.3337855
-5.2289996,-0.19249712,2.3408377
-5.2048893,-0.19118693,2.3524435
-5.2048893,-0.19118693,2.3524435
-5.1835275,-0.19046962,2.359188
-5.1835275,-0.19046962,2.359188
-5.1518764,-0.18990423,2.370142
-5.1518764,-0.18990423,2.370142
-5.1518764,-0.18990423,2.370142
-5.1518764,-0.18990423,2.370142
-5.0854626,-0.18834439,2.3903356
-5.0854626,-0.18834439,2.3903356
-5.0568466,-0.18712583,2.3988
-5.0568466,-0.18712583,2.3988
-5.035948,-0.1866636,2.405446
-5.01452,-0.18596438,2.412077
-5.01452,-0.18596438,2.412077
-4.9914675,-0.18536685,2.4191155
-4.9914675,-0.18536685,2.4191155
-4.961906,-0.18466896,2.4279866
-4.9393754,-0.18518701,2.4339476
-4.9393754,-0.18518701,2.4339476
-4.917408,-0.18448348,2.439945
-4.917408,-0.18448348,2.439945
-4.8891945,-0.18368915,2.4530625
-4.8891945,-0.18368915,2.4530625
-4.8891945,-0.18368915,2.4530625
-4.8891945,-0.18368915,2.4530625
-4.8891945,-0.18368915,2.4530625
-4.8891945,-0.18368915,2.4530625
-4.795541,-0.18181756,2.5131352
-4.795541,-0.18181756,2.5131352
-4.7738934,-0.18161555,2.524698
-4.740937,-0.18160102,2.5405376
-4.740937,-0.18160102,2.5405376
-4.7088637,-0.18059663,2.5557003
-4.68578,-0.1800937,2.56719
-4.68578,-0.1800937,2.56719
-4.6651974,-0.17957471,2.5768652
-4.6651974,-0.17957471,2.5768652
-4.6651974,-0.17957471,2.5768652
-4.6651974,-0.17957471,2.5768652
-4.6057186,-0.17953476,2.605053
-4.6057186,-0.17953476,2.605053
-4.890232,-0.14697258,2.069836
-4.890232,-0.14697258,2.069836
-4.890232,-0.14697258,2.069836
-4.8872643,-0.1420963,2.0205975
-4.8804193,-0.14163043,2.0217755
-4.8804193,-0.14163043,2.0217755
-4.8437014,-0.14015713,2.0305278
-4.836675,-0.13969411,2.031904
-4.836675,-0.13969411,2.031904
-4.807132,-0.13914944,2.0411677
-4.807132,-0.13914944,2.0411677
-4.786632,-0.1390865,2.0480008
-4.758677,-0.13907993,2.0544693
-4.758677,-0.13907993,2.0544693
-4.758677,-0.13907993,2.0544693
-4.758677,-0.13907993,2.0544693
-4.758677,-0.13907993,2.0544693
-4.758677,-0.13907993,2.0544693
-4.68067,-0.13772091,2.0570428
-4.68067,-0.13772091,2.0570428
-4.6615343,-0.13688236,2.056266
-4.6615343,-0.13688236,2.056266
-4.6446424,-0.13715628,2.05701
-4.619901,-0.13644657,2.0621154
-4.619901,-0.13644657,2.0621154
-4.6038265,-0.13698727,2.0662034
-4.5842605,-0.13655007,2.0716703
-4.5842605,-0.13655007,2.0716703
-4.5842605,-0.13655007,2.0716703
-4.5842605,-0.13655007,2.0716703
-4.546022,-0.13599758,2.081099
-4.5977635,-0.1316335,2.0661225
-4.5977635,-0.1316335,2.0661225
-4.5977635,-0.1316335,2.0661225
-4.573789,-0.130699,2.0769508
-4.5537496,-0.13052258,2.084779
-4.5537496,-0.13052258,2.084779
-4.5537496,-0.13052258,2.084779
-4.510179,-0.1294697,2.100819
-4.510179,-0.1294697,2.100819
-4.4893694,-0.1287458,2.1090338
-4.4893694,-0.1287458,2.1090338
-4.461275,-0.12815014,2.1222584
-4.461275,-0.12815014,2.1222584
-4.444119,-0.12772357,2.1292157
-4.424063,-0.12705435,2.137764
-4.424063,-0.12705435,2.137764
-4.424063,-0.12705435,2.137764
-4.424063,-0.12705435,2.137764
-4.424063,-0.12705435,2.137764
-4.424063,-0.12705435,2.137764
-4.3561935,-0.1269697,2.1638267
-4.342783,-0.12673162,2.1689105
-4.342783,-0.12673162,2.1689105
-4.3268313,-0.12779842,2.173578
-4.3268313,-0.12779842,2.173578
-4.297308,-0.12738912,2.176167
-4.297308,-0.12738912,2.176167
-4.2781463,-0.12719166,2.174238
-4.256956,-0.12636623,2.1738443
-4.256956,-0.12636623,2.1738443
-4.256956,-0.12636623,2.1738443
-4.256956,-0.12636623,2.1738443
-4.256956,-0.12636623,2.1738443
-4.187984,-0.123999715,2.18463
-4.187984,-0.123999715,2.18463
-4.1675916,-0.12368733,2.1875167
-4.1675916,-0.12368733,2.1875167
-4.145892,-0.12331709,2.1901555
-4.145892,-0.12331709,2.1901555
-4.1263914,-0.12319068,2.1919396
-4.105899,-0.122888446,2.193398
-4.105899,-0.122888446,2.193398
-4.0800304,-0.122119516,2.1942484
-4.0588045,-0.12187916,2.19534
-4.0588045,-0.12187916,2.19534
-4.0418696,-0.12103999,2.1928875
-4.0418696,-0.12103999,2.1928875
-4.0144415,-0.120398805,2.189688
-4.0144415,-0.120398805,2.189688
-4.0144415,-0.120398805,2.189688
-4.0144415,-0.120398805,2.189688
-4.0144415,-0.120398805,2.189688
-4.0144415,-0.120398805,2.189688
-3.9447749,-0.118542105,2.1711826
-3.9447749,-0.118542105,2.1711826
-3.9176242,-0.11812006,2.1617563
-3.9095423,-0.11774718,2.1566107
-3.9095423,-0.11774718,2.1566107
-3.8932955,-0.11746763,2.1494088
-3.8757977,-0.11693529,2.1423235
-3.8757977,-0.11693529,2.1423235
-3.8574193,-0.11648895,2.134665
-3.8574193,-0.11648895,2.134665
-3.8574193,-0.11648895,2.134665
-3.8574193,-0.11648895,2.134665
-3.8574193,-0.11648895,2.134665
-3.8167934,-0.113617346,2.1157548
-3.7979302,-0.11185439,2.1072185
-3.7979302,-0.11185439,2.1072185
-3.7794719,-0.1111293,2.0986848
-3.7794719,-0.1111293,2.0986848
-3.761731,-0.11058086,2.0901911
-3.761731,-0.11058086,2.0901911
-3.7368,-0.10940275,2.0790777
-3.7368,-0.10940275,2.0790777
-3.7368,-0.10940275,2.0790777
-3.6997175,-0.11017982,2.0605304
-3.6997175,-0.11017982,2.0605304
-3.682149,-0.1081548,2.0528438
-3.6624622,-0.107426785,2.0477483
-3.6624622,-0.107426785,2.0477483
-3.6624622,-0.107426785,2.0477483
-3.633567,-0.105983354,2.0413325
-3.633567,-0.105983354,2.0413325
-3.633567,-0.105983354,2.0413325
-3.633567,-0.105983354,2.0413325
-3.633567,-0.105983354,2.0413325
-3.633567,-0.105983354,2.0413325
-3.538066,-0.101901725,2.0244446
-3.4990096,-0.100534186,2.020297
-3.4990096,-0.100534186,2.020297
-3.4990096,-0.100534186,2.020297
-3.4723194,-0.09949014,2.016208
-3.4328454,-0.09542071,2.0070624
-3.4328454,-0.09542071,2.0070624
-3.4114096,-0.09267282,2.010165
-3.4114096,-0.09267282,2.010165
-3.4114096,-0.09267282,2.010165
-3.4114096,-0.09267282,2.010165
-3.4114096,-0.09267282,2.010165
-3.329299,-0.09393296,1.9843005
-3.3111799,-0.09460402,1.9776381
-3.3111799,-0.09460402,1.9776381
-3.2908366,-0.093196176,1.9681085
-3.2908366,-0.093196176,1.9681085
-3.2746587,-0.08984712,1.9564985
-3.2577052,-0.09149297,1.9477781
-3.2577052,-0.09149297,1.9477781
-3.2249699,-0.09656981,1.9425191
-3.2020018,-0.09668414,1.934166
-3.2020018,-0.09668414,1.934166
-3.1768253,-0.09762373,1.9261295
-3.15537,-0.097252235,1.9167002
-3.15537,-0.097252235,1.9167002
-3.15537,-0.097252235,1.9167002
-3.15537,-0.097252235,1.9167002
-3.15537,-0.097252235,1.9167002
-3.15537,-0.097252235,1.9167002
-3.15537,-0.097252235,1.9167002
-3.15537,-0.097252235,1.9167002
-3.15537,-0.097252235,1.9167002
-3.0460584,-0.09773518,1.8603883
-3.0460584,-0.09773518,1.8603883
-3.0460584,-0.09773518,1.8603883
-3.0240765,-0.09771233,1.8521056
-2.9971037,-0.09830637,1.8371636
-2.976265,-0.09811612,1.8279421
-2.976265,-0.09811612,1.8279421
-2.9558563,-0.09905689,1.8151089
-2.9558563,-0.09905689,1.8151089
-2.9558563,-0.09905689,1.8151089
-2.9558563,-0.09905689,1.8151089
-2.9558563,-0.09905689,1.8151089
-2.8996925,-0.098751515,1.7881964
-2.8926678,-0.09864261,1.784737
-2.8926678,-0.09864261,1.784737
-2.8711164,-0.09774268,1.7749182
-2.8711164,-0.09774268,1.7749182
-2.8340645,-0.095302925,1.758305
-2.8198147,-0.09469062,1.7522084
-2.8198147,-0.09469062,1.7522084
-2.7915316,-0.09357098,1.7400148
-2.7915316,-0.09357098,1.7400148
-2.763527,-0.09222771,1.72734
-2.748662,-0.089342386,1.7229902
-2.7339864,-0.08845903,1.7171324
-2.7339864,-0.08845903,1.7171324
-2.7339864,-0.08845903,1.7171324
-2.699275,-0.08499419,1.70488
-2.699275,-0.08499419,1.70488
-2.699275,-0.08499419,1.70488
-2.699275,-0.08499419,1.70488
-2.699275,-0.08499419,1.70488
-2.699275,-0.08499419,1.70488
-2.6112702,-0.08040871,1.675129
-2.589503,-0.07876385,1.6671497
-2.589503,-0.07876385,1.6671497
-2.5665908,-0.0774191,1.6594667
-2.5450785,-0.075919226,1.6518469
-2.5450785,-0.075919226,1.6518469
-2.5198562,-0.07417371,1.6431385
-2.4975038,-0.072567716,1.6350515
-2.4975038,-0.072567716,1.6350515
-2.4975038,-0.072567716,1.6350515
-2.4975038,-0.072567716,1.6350515
-2.4975038,-0.072567716,1.6350515
-2.4397013,-0.069336675,1.6171561
-2.4250116,-0.06866138,1.6130687
-2.4250116,-0.06866138,1.6130687
-2.4250116,-0.06866138,1.6130687
-2.383287,-0.06667074,1.5983515
-2.383287,-0.06667074,1.5983515
-2.383287,-0.06667074,1.5983515
-2.335929,-0.06510876,1.5816735
-2.335929,-0.06510876,1.5816735
-2.3162723,-0.06424405,1.572999
-2.3162723,-0.06424405,1.572999
-2.2965674,-0.06335339,1.5630107
-2.2965674,-0.06335339,1.5630107
-2.588611,-0.0695186,1.635158
-2.588611,-0.0695186,1.635158
-2.588611,-0.0695186,1.635158
-2.588611,-0.0695186,1.635158
-2.588611,-0.0695186,1.635158
-2.588611,-0.0695186,1.635158
-2.588611,-0.0695186,1.635158
-2.588611,-0.0695186,1.635158
-2.588611,-0.0695186,1.635158
-2.5286086,-0.06656809,1.5958904
-2.5217226,-0.06636566,1.5927618
-2.5039535,-0.065497264,1.5856022
-2.5039535,-0.065497264,1.5856022
-2.4833243,-0.06461561,1.5785952
-2.4833243,-0.06461561,1.5785952
-2.457246,-0.06237474,1.565693
-2.4380348,-0.061112076,1.5561932
-2.4380348,-0.061112076,1.5561932
-2.4192767,-0.059477992,1.5458562
-2.4192767,-0.059477992,1.5458562
-2.4192767,-0.059477992,1.5458562
-2.4192767,-0.059477992,1.5458562
-2.3738747,-0.057812028,1.5276767
-2.3554506,-0.057852015,1.5212811
-2.3362663,-0.056611978,1.5135782
-2.3163695,-0.055697553,1.5061096
-2.3163695,-0.055697553,1.5061096
-2.3163695,-0.055697553,1.5061096
-2.2957268,-0.054793283,1.4976716
-2.2957268,-0.054793283,1.4976716
-2.2957268,-0.054793283,1.4976716
-2.2479448,-0.051962554,1.476804
-1.9856023,-0.023353979,1.3337177
-1.9856023,-0.023353979,1.3337177
-1.959008,-0.021382578,1.3169473
-1.9408054,-0.020218782,1.3066193
-1.9408054,-0.020218782,1.3066193
-1.9408054,-0.020218782,1.3066193
-1.9408054,-0.020218782,1.3066193
-1.9408054,-0.020218782,1.3066193
-1.9408054,-0.020218782,1.3066193
-1.9408054,-0.020218782,1.3066193
-1.9408054,-0.020218782,1.3066193
-1.8556116,-0.014986418,1.2553191
-1.8371977,-0.013822459,1.243714
-1.8371977,-0.013822459,1.243714
-1.8115156,-0.012148216,1.2282873
-1.7980196,-0.011345774,1.2206215
-1.7980196,-0.011345774,1.2206215
-1.7793639,-0.0101121515,1.2081803
-1.7793639,-0.0101121515,1.2081803
-1.7793639,-0.0101121515,1.2081803
-1.7793639,-0.0101121515,1.2081803
-1.7793639,-0.0101121515,1.2081803
-1.7793639,-0.0101121515,1.2081803
-1.705555,-0.0066556036,1.1649212
-1.6854923,-0.005280689,1.1530632
-1.6854923,-0.005280689,1.1530632
-1.6544361,-0.0035874546,1.1375066
-1.6544361,-0.0035874546,1.1375066
-1.6339912,-0.0021829307,1.127545
-1.6096455,-0.00049969554,1.1167326
-1.6096455,-0.00049969554,1.1167326
-1.5892308,0.000965304,1.1065149
-1.5892308,0.000965304,1.1065149
-1.5669398,0.0025193316,1.0961727
-1.5669398,0.0025193316,1.0961727
-1.5363032,0.0045941994,1.0821768
-1.5132191,0.005838804,1.0715193
-1.5132191,0.005838804,1.0715193
-1.5132191,0.005838804,1.0715193
-1.5132191,0.005838804,1.0715193
-1.5132191,0.005838804,1.0715193
-1.5132191,0.005838804,1.0715193
-1.5132191,0.005838804,1.0715193
-1.4217999,0.011923358,1.0095347
-1.4082961,0.012054741,0.9973841
-1.4082961,0.012054741,0.9973841
-1.3909776,0.012963951,0.9806857
-1.3909776,0.012963951,0.9806857
-1.3909776,0.012963951,0.9806857
-1.3729036,0.013387255,0.9625224
-1.3561714,0.014320202,0.94738436
-1.3561714,0.014320202,0.94738436
-1.3335449,0.016971193,0.92601144
-1.3335449,0.016971193,0.92601144
-1.3335449,0.016971193,0.92601144
-1.3335449,0.016971193,0.92601144
-1.2912375,0.021417841,0.8907129
-1.2912375,0.021417841,0.8907129
-1.2615756,0.024766877,0.8642992
-1.2615756,0.024766877,0.8642992
-1.2430263,0.025668047,0.8509641
-1.2430263,0.025668047,0.8509641
-1.2161195,0.027278535,0.8298015
-1.2161195,0.027278535,0.8298015
-1.2161195,0.027278535,0.8298015
-1.1768872,0.030037642,0.79879826
-1.1566533,0.030812204,0.78317463
-1.1566533,0.030812204,0.78317463
-1.1371495,0.031829566,0.7683827
-1.1371495,0.031829566,0.7683827
-1.1030401,0.032218277,0.7475803
-1.1030401,0.032218277,0.7475803
-1.1030401,0.032218277,0.7475803
-1.1030401,0.032218277,0.7475803
-1.1030401,0.032218277,0.7475803
-1.1030401,0.032218277,0.7475803
-1.0334647,0.037153862,0.69332826
-1.0270044,0.037454665,0.6880401
-1.0270044,0.037454665,0.6880401
-1.0009497,0.038188294,0.6649133
-0.9874061,0.03827107,0.6542636
-0.9874061,0.03827107,0.6542636
-0.96808124,0.0391389,0.6374194
-0.94808394,0.039690927,0.6210888
-0.94808394,0.039690927,0.6210888
-0.94808394,0.039690927,0.6210888
-0.9219688,0.040166922,0.59844303
-0.9219688,0.040166922,0.59844303
-0.9219688,0.040166922,0.59844303
-0.9219688,0.040166922,0.59844303
-0.9219688,0.040166922,0.59844303
-0.8907897,0.040775627,0.5768931
-0.88369364,0.040930204,0.5723358
-0.88369364,0.040930204,0.5723358
-0.88369364,0.040930204,0.5723358
-0.87687755,0.041572474,0.5678318
-0.87687755,0.041572474,0.5678318
-0.87687755,0.041572474,0.5678318
-0.87655777,0.041696317,0.56773955
-0.87655777,0.041696317,0.56773955
-0.876647,0.041266523,0.5670309
-0.876647,0.041266523,0.5670309
-0.8766048,0.04121477,0.5666096
-0.8766048,0.04121477,0.5666096
-0.8764755,0.041570455,0.5652732
-0.8764755,0.041570455,0.5652732
-0.8764755,0.041570455,0.5652732
-0.8765211,0.04142548,0.5657597
-0.8764843,0.041468076,0.5656208
-0.8764843,0.041468076,0.5656208
-0.8764169,0.041552126,0.56527495
-0.8764169,0.041552126,0.56527495
-0.8764169,0.041552126,0.56527495
-0.8764169,0.041552126,0.56527495
-0.8764169,0.041552126,0.56527495
-0.8764169,0.041552126,0.56527495
-0.8764169,0.041552126,0.56527495
-0.8763981,0.042487927,0.56542283
-0.8763981,0.042487927,0.56542283
-0.8761016,0.042379268,0.56573766
-0.875947,0.04243403,0.5656799
-0.875947,0.04243403,0.5656799
-0.87588006,0.04273054,0.56587946
-0.87588006,0.04273054,0.56587946
-0.87588006,0.04273054,0.56587946
-0.8757531,0.042936057,0.56595135
-0.8757531,0.042936057,0.56595135
-0.87600636,0.041629925,0.56597424
-0.87600636,0.041629925,0.56597424
-0.87600636,0.041629925,0.56597424
-0.87600636,0.041629925,0.56597424
-0.87600636,0.041629925,0.56597424
-0.87600636,0.041629925,0.56597424
-0.875405,0.041185148,0.5655156
-0.87528485,0.041206136,0.5652554
-0.87528485,0.041206136,0.5652554
-0.87528485,0.041206136,0.5652554
-0.8750985,0.04125637,0.56516707
-0.8748798,0.041311324,0.56510353
-0.8748798,0.041311324,0.56510353
-0.87471545,0.041264214,0.5647609
-0.87471545,0.041264214,0.5647609
-0.87503904,0.04105772,0.5646773
-0.87503904,0.04105772,0.5646773
-0.87507933,0.041037224,0.5646401
-0.87507933,0.041037224,0.5646401
-0.8748549,0.04101383,0.56445175
-0.8748549,0.04101383,0.56445175
-0.87479687,0.041025393,0.5644119
-0.87479687,0.041025393,0.5644119
-0.87479687,0.041025393,0.5644119
-0.8747372,0.040914066,0.5642612
-0.8747372,0.040914066,0.5642612
-0.8747372,0.040914066,0.5642612
-0.8747372,0.040914066,0.5642612
-0.8747372,0.040914066,0.5642612
-0.8747372,0.040914066,0.5642612
-0.8747372,0.040914066,0.5642612
-0.8747372,0.040914066,0.5642612
-0.87441367,0.040890522,0.56384015
-0.87441367,0.040890522,0.56384015
-0.8742961,0.04091955,0.56370634
-0.8742961,0.04091955,0.56370634
-0.8742185,0.040935352,0.5636104
-0.8742185,0.040935352,0.5636104
-0.87416744,0.040939026,0.5635682
-0.87416744,0.040939026,0.5635682
-0.87420106,0.040931128,0.56351125
-0.87420106,0.040931128,0.56351125
-0.8741978,0.04094421,0.56349707
-0.8741978,0.04094421,0.56349707
-0.8741978,0.04094421,0.56349707
-0.8741978,0.04094421,0.56349707
-0.8741978,0.04094421,0.56349707
-0.87416744,0.040998243,0.5633876
-0.87416744,0.040998243,0.5633876
-0.87415254,0.04101783,0.5633604
-0.87415254,0.04101783,0.5633604
-0.8740808,0.041052394,0.56328595
-0.8740808,0.041052394,0.56328595
-0.87403125,0.041063048,0.56324774
-0.87403125,0.041063048,0.56324774
-0.87400544,0.04107564,0.563206
-0.87400544,0.04107564,0.563206
-0.87400544,0.04107564,0.563206
-0.87397134,0.041098714,0.56317157
-0.87397134,0.041098714,0.56317157
-0.8739638,0.04109659,0.563151
-0.8739638,0.04109659,0.563151
-0.8739638,0.04109659,0.563151
-0.87393284,0.04112021,0.56314707
-0.8741024,0.041047834,0.5631753
-0.8741024,0.041047834,0.5631753
-0.8741024,0.041047834,0.5631753
-0.87407786,0.041095324,0.56315565
-0.87407786,0.041095324,0.56315565
-0.87407786,0.041095324,0.56315565
-0.87407786,0.041095324,0.56315565
-0.87407786,0.041095324,0.56315565
-0.87407786,0.041095324,0.56315565
-0.87407786,0.041095324,0.56315565
-1.1059477,0.024000071,0.56636524
-1.1059477,0.024000071,0.56636524
-1.1059477,0.024000071,0.56636524
-1.1058631,0.02404908,0.5665136
-1.1058631,0.02404908,0.5665136
-1.1058631,0.02404908,0.5665136
-1.105814,0.024053074,0.566517
-1.1057587,0.024048582,0.5665049
-1.1057587,0.024048582,0.5665049
-1.1057587,0.024048582,0.5665049
-1.1058406,0.024147466,0.56654626
-1.1058406,0.024147466,0.56654626
-1.1058406,0.024147466,0.56654626
-1.1058406,0.024147466,0.56654626
-1.1058406,0.024147466,0.56654626
-1.1058406,0.024147466,0.56654626
-1.1058406,0.024147466,0.56654626
-1.1056361,0.024420522,0.5665689
-1.105585,0.02445481,0.5665832
-1.105585,0.02445481,0.5665832
-1.1056762,0.02451782,0.56661713
-1.1057012,0.024562784,0.56662816
-1.1057012,0.024562784,0.56662816
-1.10576,0.024591751,0.5666201
-1.10576,0.024591751,0.5666201
-1.105738,0.024597347,0.5666259
-1.105738,0.024597347,0.5666259
-1.1058,0.024572201,0.56662625
-1.1058,0.024572201,0.56662625
-1.1057173,0.024566337,0.56665915
-1.1057173,0.024566337,0.56665915
-1.1057173,0.024566337,0.56665915
-1.0977914,0.025487013,0.5801612
-1.0977914,0.025487013,0.5801612
-1.0977914,0.025487013,0.5801612
-1.0977914,0.025487013,0.5801612
-1.0977914,0.025487013,0.5801612
-1.0977914,0.025487013,0.5801612
-1.0971633,0.025585413,0.5800567
-1.0971633,0.025585413,0.5800567
-1.0968356,0.025649823,0.5799395
-1.0968356,0.025649823,0.5799395
-1.0966108,0.025681533,0.579989
-1.0966108,0.025681533,0.579989
-1.0969589,0.025749795,0.5798113
-1.0969589,0.025749795,0.5798113
-1.0968521,0.025782943,0.5798766
-1.0974556,0.025724031,0.57938415
-1.0974556,0.025724031,0.57938415
