-0.9779315,0.03268838,0.23954296
-0.9779315,0.03268838,0.23954296
-0.9779315,0.03268838,0.23954296
-0.9779315,0.03268838,0.23954296
-0.9780053,0.032678038,0.23951662
-0.9780053,0.032678038,0.23951662
-0.9780262,0.032695957,0.23952009
-0.9780262,0.032695957,0.23952009
-0.9780643,0.032711923,0.2395044
-0.9780643,0.032711923,0.2395044
-0.97807896,0.03273624,0.23952043
-0.97807896,0.03273624,0.23952043
-0.97807896,0.03273624,0.23952043
-0.97807896,0.03273624,0.23952043
-0.97807896,0.03273624,0.23952043
-0.97807896,0.03273624,0.23952043
-0.9758461,0.032950528,0.23572578
-0.9758461,0.032950528,0.23572578
-0.9758461,0.032950528,0.23572578
-0.9707731,0.033138007,0.22697222
-0.9707731,0.033138007,0.22697222
-0.9707731,0.033138007,0.22697222
-0.9630939,0.033435196,0.21486896
-0.95872086,0.03347959,0.20694311
-0.95872086,0.03347959,0.20694311
-0.9515935,0.033759307,0.19441573
-0.9515935,0.033759307,0.19441573
-0.9515935,0.033759307,0.19441573
-0.9515935,0.033759307,0.19441573
-0.9515935,0.033759307,0.19441573
-0.92107236,0.035359114,0.1479981
-0.91124976,0.035852075,0.1327923
-0.91124976,0.035852075,0.1327923
-0.90108836,0.036170393,0.11687255
-0.90108836,0.036170393,0.11687255
-0.90108836,0.036170393,0.11687255
-0.8869735,0.036638826,0.09416896
-0.87571716,0.03696564,0.07724035
-0.87571716,0.03696564,0.07724035
-0.87571716,0.03696564,0.07724035
-0.8649747,0.037283756,0.060286414
-0.8649747,0.037283756,0.060286414
-0.8649747,0.037283756,0.060286414
-0.8534074,0.038178265,0.04276395
-0.8415116,0.038467705,0.024092734
-0.8415116,0.038467705,0.024092734
-0.8260028,0.039223053,-0.001128186
-0.8260028,0.039223053,-0.001128186
-0.8137272,0.03949196,-0.019701827
-0.8137272,0.03949196,-0.019701827
-0.8137272,0.03949196,-0.019701827
-0.8137272,0.03949196,-0.019701827
-0.8137272,0.03949196,-0.019701827
-0.8137272,0.03949196,-0.019701827
-0.8137272,0.03949196,-0.019701827
-0.7751945,0.041155756,-0.08299178
-0.76747775,0.04113979,-0.096178524
-0.76747775,0.04113979,-0.096178524
-0.76747775,0.04113979,-0.096178524
-0.76747775,0.04113979,-0.096178524
-0.7535125,0.041499335,-0.121282436
-0.7535125,0.041499335,-0.121282436
-0.73266906,0.042764284,-0.15935414
-0.73266906,0.042764284,-0.15935414
-0.7226901,0.043548763,-0.17855084
-0.7226901,0.043548763,-0.17855084
-0.7226901,0.043548763,-0.17855084
-0.7226901,0.043548763,-0.17855084
-0.7226901,0.043548763,-0.17855084
-0.69327855,0.04472775,-0.23421536
-0.69327855,0.04472775,-0.23421536
-0.6898793,0.044873048,-0.24073999
-0.67960286,0.04534912,-0.25988585
-0.67960286,0.04534912,-0.25988585
-0.66699374,0.04602611,-0.28569287
-0.66002905,0.046420343,-0.29925978
-0.66002905,0.046420343,-0.29925978
-0.66002905,0.046420343,-0.29925978
-0.6480365,0.047963113,-0.32470948
-0.64145553,0.04836175,-0.33773476
-0.64145553,0.04836175,-0.33773476
-0.62855864,0.049114555,-0.3646266
-0.62855864,0.049114555,-0.3646266
-0.62855864,0.049114555,-0.3646266
-0.61872816,0.049633175,-0.38463694
-0.61872816,0.049633175,-0.38463694
-0.6040821,0.04908645,-0.41068536
-0.6040821,0.04908645,-0.41068536
-0.6040821,0.04908645,-0.41068536
-0.6040821,0.04908645,-0.41068536
-0.6040821,0.04908645,-0.41068536
-0.6040821,0.04908645,-0.41068536
-0.6040821,0.04908645,-0.41068536
-0.6040821,0.04908645,-0.41068536
-0.56917983,0.052312948,-0.48544288
-0.56917983,0.052312948,-0.48544288
-0.55975,0.05319307,-0.50421107
-0.55975,0.05319307,-0.50421107
-0.54993266,0.054019023,-0.5215935
-0.54993266,0.054019023,-0.5215935
-0.540557,0.054845013,-0.5403309
-0.540557,0.054845013,-0.5403309
-0.540557,0.054845013,-0.5403309
-0.53087837,0.05577717,-0.5568688
-0.52177477,0.056731403,-0.5745632
-0.52177477,0.056731403,-0.5745632
-0.52177477,0.056731403,-0.5745632
-0.52177477,0.056731403,-0.5745632
-0.52177477,0.056731403,-0.5745632
-0.49775574,0.056316018,-0.61961025
-0.49775574,0.056316018,-0.61961025
-0.4918053,0.05653423,-0.63189965
-0.4918053,0.05653423,-0.63189965
-0.4918053,0.05653423,-0.63189965
-0.483058,0.05652058,-0.64957887
-0.4736605,0.056829333,-0.66839164
-0.4736605,0.056829333,-0.66839164
-0.4655123,0.057630993,-0.68603444
-0.4655123,0.057630993,-0.68603444
-0.45718572,0.058177084,-0.702656
-0.45718572,0.058177084,-0.702656
-0.44748804,0.05984459,-0.72393453
-0.44748804,0.05984459,-0.72393453
-0.4396141,0.060552478,-0.74061364
-0.4396141,0.060552478,-0.74061364
-0.43299106,0.061308652,-0.7553981
-0.43299106,0.061308652,-0.7553981
-0.43299106,0.061308652,-0.7553981
-0.43299106,0.061308652,-0.7553981
-0.42202803,0.06310311,-0.77451617
-0.42202803,0.06310311,-0.77451617
-0.42202803,0.06310311,-0.77451617
-0.42202803,0.06310311,-0.77451617
-0.42202803,0.06310311,-0.77451617
-0.42202803,0.06310311,-0.77451617
-0.39137992,0.06350502,-0.82736784
-0.39137992,0.06350502,-0.82736784
-0.3868874,0.06531948,-0.83838516
-0.3868874,0.06531948,-0.83838516
-0.3820081,0.06706092,-0.8506281
-0.3820081,0.06706092,-0.8506281
-0.3820081,0.06706092,-0.8506281
-0.3763301,0.06802589,-0.8610353
-0.3763301,0.06802589,-0.8610353
-0.36826143,0.06893864,-0.87651724
-0.36826143,0.06893864,-0.87651724
-0.36082318,0.06946508,-0.8895441
-0.36082318,0.06946508,-0.8895441
-0.36082318,0.06946508,-0.8895441
-0.36082318,0.06946508,-0.8895441
-0.36082318,0.06946508,-0.8895441
-0.36082318,0.06946508,-0.8895441
-0.33807418,0.071680225,-0.9310607
-0.33807418,0.071680225,-0.9310607
-0.33338138,0.07206994,-0.93992275
-0.33338138,0.07206994,-0.93992275
-0.32554457,0.07226828,-0.95446235
-0.32554457,0.07226828,-0.95446235
-0.31735775,0.072531134,-0.96879274
-0.31735775,0.072531134,-0.96879274
-0.31041917,0.07262784,-0.97913235
-0.31041917,0.07262784,-0.97913235
-0.31041917,0.07262784,-0.97913235
-0.31041917,0.07262784,-0.97913235
-0.2994292,0.072293915,-0.9993423
-0.29534015,0.07253156,-1.0092776
-0.29534015,0.07253156,-1.0092776
-0.2908208,0.0725697,-1.0207684
-0.2908208,0.0725697,-1.0207684
-0.2908208,0.0725697,-1.0207684
-0.28433886,0.07322279,-1.0345806
-0.28433886,0.07322279,-1.0345806
-0.28433886,0.07322279,-1.0345806
-0.28433886,0.07322279,-1.0345806
-0.28433886,0.07322279,-1.0345806
-0.28433886,0.07322279,-1.0345806
-0.28433886,0.07322279,-1.0345806
-0.28433886,0.07322279,-1.0345806
-0.28433886,0.07322279,-1.0345806
-0.28433886,0.07322279,-1.0345806
-0.2593453,0.07362878,-1.1040747
-0.2593453,0.07362878,-1.1040747
-0.25395066,0.07389367,-1.1180184
-0.25395066,0.07389367,-1.1180184
-0.24732201,0.07340715,-1.1355671
-0.24732201,0.07340715,-1.1355671
-0.24207155,0.073610224,-1.1492705
-0.24207155,0.073610224,-1.1492705
-0.23620793,0.07380998,-1.1637197
-0.23620793,0.07380998,-1.1637197
-0.23620793,0.07380998,-1.1637197
-0.23620793,0.07380998,-1.1637197
-0.21928035,0.075423874,-1.1960937
-0.21225418,0.076400585,-1.2089568
-0.21225418,0.076400585,-1.2089568
-0.20491025,0.076743215,-1.2231419
-0.1950709,0.077041835,-1.2427418
-0.1950709,0.077041835,-1.2427418
-0.18904585,0.07746643,-1.2520237
-0.18904585,0.07746643,-1.2520237
-0.18904585,0.07746643,-1.2520237
-0.17846765,0.078102775,-1.2711326
-0.17846765,0.078102775,-1.2711326
-0.17197755,0.07833108,-1.2862983
-0.16697824,0.07938515,-1.3030461
-0.16697824,0.07938515,-1.3030461
-0.16697824,0.07938515,-1.3030461
-0.16025141,0.07987383,-1.3186793
-0.16025141,0.07987383,-1.3186793
-0.16025141,0.07987383,-1.3186793
-0.16025141,0.07987383,-1.3186793
-0.16025141,0.07987383,-1.3186793
-0.16025141,0.07987383,-1.3186793
-0.16025141,0.07987383,-1.3186793
-0.16025141,0.07987383,-1.3186793
-0.12340519,0.08098781,-1.4043655
-0.12340519,0.08098781,-1.4043655
-0.12340519,0.08098781,-1.4043655
-0.11171155,0.08159027,-1.4250535
-0.10571501,0.08158043,-1.441849
-0.10571501,0.08158043,-1.441849
-0.10571501,0.08158043,-1.441849
-0.10571501,0.08158043,-1.441849
-0.09709515,0.08239243,-1.4582027
-0.09709515,0.08239243,-1.4582027
-0.08876753,0.08296612,-1.4729118
-0.08876753,0.08296612,-1.4729118
-0.08876753,0.08296612,-1.4729118
-0.08876753,0.08296612,-1.4729118
-0.06729756,0.085654356,-1.5166243
-0.06312947,0.08530707,-1.5277249
-0.06312947,0.08530707,-1.5277249
-0.06312947,0.08530707,-1.5277249
-0.0558303,0.08588934,-1.5436761
-0.0558303,0.08588934,-1.5436761
-0.045890346,0.08566347,-1.5650613
-0.045890346,0.08566347,-1.5650613
-0.04058222,0.08588929,-1.5760881
-0.04058222,0.08588929,-1.5760881
-0.032639354,0.0862641,-1.5978363
-0.032639354,0.0862641,-1.5978363
-0.021523193,0.08684018,-1.6199508
-0.0168385,0.087208554,-1.6303555
-0.0168385,0.087208554,-1.6303555
-0.008410016,0.08795436,-1.6480333
-0.008410016,0.08795436,-1.6480333
-0.008410016,0.08795436,-1.6480333
0.0021295846,0.08645868,-1.6712332
0.0021295846,0.08645868,-1.6712332
0.0021295846,0.08645868,-1.6712332
0.0021295846,0.08645868,-1.6712332
0.0021295846,0.08645868,-1.6712332
0.03212902,0.08782461,-1.741605
0.03212902,0.08782461,-1.741605
0.041276537,0.08841039,-1.7600223
0.041276537,0.08841039,-1.7600223
0.049296696,0.08842827,-1.7780758
0.05773279,0.089067996,-1.7957716
0.05773279,0.089067996,-1.7957716
0.06664452,0.089474685,-1.8191305
0.06664452,0.089474685,-1.8191305
0.07387406,0.09007684,-1.8364938
0.07387406,0.09007684,-1.8364938
0.07387406,0.09007684,-1.8364938
0.07387406,0.09007684,-1.8364938
0.0899846,0.09133161,-1.8776509
0.095151074,0.09149967,-1.889145
0.095151074,0.09149967,-1.889145
0.095151074,0.09149967,-1.889145
0.10226667,0.091018446,-1.9111139
0.10588034,0.091603234,-1.9227339
0.10588034,0.091603234,-1.9227339
0.10588034,0.091603234,-1.9227339
0.11270898,0.09338626,-1.9426179
0.118133,0.09438321,-1.959521
0.118133,0.09438321,-1.959521
0.118133,0.09438321,-1.959521
0.123155184,0.09416571,-1.9756823
0.13083462,0.09542084,-1.998673
0.13083462,0.09542084,-1.998673
0.13083462,0.09542084,-1.998673
0.13534376,0.094191104,-2.0132942
0.13534376,0.094191104,-2.0132942
0.13534376,0.094191104,-2.0132942
0.13534376,0.094191104,-2.0132942
0.13534376,0.094191104,-2.0132942
0.13534376,0.094191104,-2.0132942
0.13534376,0.094191104,-2.0132942
0.13534376,0.094191104,-2.0132942
0.13534376,0.094191104,-2.0132942
0.13534376,0.094191104,-2.0132942
0.16838121,0.09564456,-2.1115613
0.16838121,0.09564456,-2.1115613
0.17417936,0.09622842,-2.1327186
0.17417936,0.09622842,-2.1327186
0.17417936,0.09622842,-2.1327186
0.17951569,0.09642373,-2.149514
0.17951569,0.09642373,-2.149514
0.18596525,0.096361846,-2.1649132
0.18596525,0.096361846,-2.1649132
0.19271691,0.09664616,-2.181134
0.19271691,0.09664616,-2.181134
0.19271691,0.09664616,-2.181134
0.19271691,0.09664616,-2.181134
0.19271691,0.09664616,-2.181134
0.20266008,0.097638994,-2.221155
0.20266008,0.097638994,-2.221155
0.2058742,0.09665966,-2.23976
0.20906064,0.09680349,-2.2571704
0.20906064,0.09680349,-2.2571704
0.20906064,0.09680349,-2.2571704
0.21402122,0.096973896,-2.282076
0.21402122,0.096973896,-2.282076
0.21892846,0.09665579,-2.301658
0.21892846,0.09665579,-2.301658
0.21892846,0.09665579,-2.301658
0.2268771,0.09787238,-2.3371255
0.2268771,0.09787238,-2.3371255
0.2314945,0.098872185,-2.3638382
0.23471914,0.09913987,-2.3825195
0.23471914,0.09913987,-2.3825195
0.23823127,0.09949867,-2.4008436
0.23823127,0.09949867,-2.4008436
0.23823127,0.09949867,-2.4008436
0.23823127,0.09949867,-2.4008436
0.23823127,0.09949867,-2.4008436
0.23823127,0.09949867,-2.4008436
0.23823127,0.09949867,-2.4008436
0.23823127,0.09949867,-2.4008436
0.25005838,0.09815843,-2.4817164
0.25005838,0.09815843,-2.4817164
0.25005838,0.09815843,-2.4817164
0.25226584,0.09836647,-2.502013
0.25226584,0.09836647,-2.502013
0.25443435,0.09831667,-2.5199296
0.25443435,0.09831667,-2.5199296
0.25648248,0.099215955,-2.5386696
0.25906733,0.09992075,-2.5609398
0.25906733,0.09992075,-2.5609398
0.25906733,0.09992075,-2.5609398
0.25906733,0.09992075,-2.5609398
0.25906733,0.09992075,-2.5609398
0.2623984,0.100531876,-2.605937
0.2631195,0.10051437,-2.6115916
0.26478827,0.10083154,-2.6278057
0.26478827,0.10083154,-2.6278057
0.26513505,0.102267094,-2.6436024
0.26513505,0.102267094,-2.6436024
0.26533344,0.10307436,-2.6646888
0.26545906,0.1036284,-2.6818604
0.26545906,0.1036284,-2.6818604
0.26387742,0.104181446,-2.6981676
0.26398566,0.104799956,-2.7159805
0.26398566,0.104799956,-2.7159805
0.26334652,0.10487093,-2.7397122
0.26334652,0.10487093,-2.7397122
0.26334652,0.10487093,-2.7397122
0.26338333,0.10524383,-2.758793
0.26338333,0.10524383,-2.758793
0.26338333,0.10524383,-2.758793
0.26338333,0.10524383,-2.758793
0.26338333,0.10524383,-2.758793
0.26338333,0.10524383,-2.758793
0.26484668,0.105817504,-2.8426313
0.26484668,0.105817504,-2.8426313
0.26432344,0.10570653,-2.8618
0.26432344,0.10570653,-2.8618
0.2645081,0.105448045,-2.887449
0.26426914,0.1052762,-2.9003706
0.26426914,0.1052762,-2.9003706
0.26394466,0.105558634,-2.9185762
0.26304033,0.106251046,-2.9355948
0.26304033,0.106251046,-2.9355948
0.26304033,0.106251046,-2.9355948
0.26304033,0.106251046,-2.9355948
0.26304033,0.106251046,-2.9355948
0.26304033,0.106251046,-2.9355948
0.26011196,0.10761446,-2.9807339
0.26011196,0.10761446,-2.9807339
0.26011196,0.10761446,-2.9807339
0.25724572,0.107896246,-3.0036168
0.25684988,0.10795874,-3.0092194
0.25597107,0.10839677,-3.0269408
0.25597107,0.10839677,-3.0269408
0.25597107,0.10839677,-3.0269408
0.25544158,0.10898356,-3.0442727
0.25544158,0.10898356,-3.0442727
0.25544158,0.10898356,-3.0442727
0.25124016,0.10959895,-3.0846727
0.25124016,0.10959895,-3.0846727
0.25124016,0.10959895,-3.0846727
0.24850813,0.108961165,-3.100381
0.24850813,0.108961165,-3.100381
0.2458475,0.10931271,-3.1176555
0.2458475,0.10931271,-3.1176555
0.24006085,0.108954884,-3.1405613
0.24006085,0.108954884,-3.1405613
0.24006085,0.108954884,-3.1405613
0.24006085,0.108954884,-3.1405613
0.24006085,0.108954884,-3.1405613
0.24006085,0.108954884,-3.1405613
0.24006085,0.108954884,-3.1405613
0.22058329,0.10846391,-3.2023647
0.21874455,0.10843907,-3.208045
0.21874455,0.10843907,-3.208045
0.21874455,0.10843907,-3.208045
0.21238188,0.10929313,-3.2297542
0.20935656,0.10919285,-3.2420814
0.20353094,0.1099257,-3.2642019
0.20353094,0.1099257,-3.2642019
0.19882193,0.11042907,-3.2808897
0.19882193,0.11042907,-3.2808897
0.19372213,0.1099438,-3.2951515
0.19372213,0.1099438,-3.2951515
0.19372213,0.1099438,-3.2951515
0.19372213,0.1099438,-3.2951515
0.19372213,0.1099438,-3.2951515
0.18175267,0.11003949,-3.3324144
0.17669405,0.11034589,-3.347244
0.17161271,0.110238716,-3.3633575
0.17161271,0.110238716,-3.3633575
0.16716014,0.11066032,-3.3801672
0.16716014,0.11066032,-3.3801672
0.16331002,0.110795215,-3.3948395
0.16331002,0.110795215,-3.3948395
0.16331002,0.110795215,-3.3948395
0.15786424,0.11075155,-3.4149911
0.15786424,0.11075155,-3.4149911
0.15369707,0.11093361,-3.431669
0.15369707,0.11093361,-3.431669
0.14955406,0.11109604,-3.4475658
0.14955406,0.11109604,-3.4475658
0.14955406,0.11109604,-3.4475658
0.14543377,0.11083147,-3.463404
0.14149392,0.11118008,-3.4791477
0.14149392,0.11118008,-3.4791477
0.14149392,0.11118008,-3.4791477
0.14149392,0.11118008,-3.4791477
0.14149392,0.11118008,-3.4791477
0.14149392,0.11118008,-3.4791477
0.124759324,0.11112875,-3.530389
0.124759324,0.11112875,-3.530389
0.12022535,0.11159548,-3.5454202
0.117047735,0.11205186,-3.555014
0.117047735,0.11205186,-3.555014
0.11261942,0.11273861,-3.5669105
0.11261942,0.11273861,-3.5669105
0.106910296,0.11304634,-3.5807507
0.106910296,0.11304634,-3.5807507
0.09950775,0.11360623,-3.6017745
0.09950775,0.11360623,-3.6017745
0.09950775,0.11360623,-3.6017745
0.09950775,0.11360623,-3.6017745
0.09950775,0.11360623,-3.6017745
0.09950775,0.11360623,-3.6017745
0.09950775,0.11360623,-3.6017745
0.08037792,0.11364223,-3.6473167
0.08037792,0.11364223,-3.6473167
0.07188314,0.113076404,-3.6608126
0.07188314,0.113076404,-3.6608126
0.07188314,0.113076404,-3.6608126
0.06081826,0.11320498,-3.6786673
0.06081826,0.11320498,-3.6786673
0.05236204,0.1139888,-3.6936514
0.043509007,0.11408998,-3.7064645
0.043509007,0.11408998,-3.7064645
0.043509007,0.11408998,-3.7064645
0.03366937,0.11379913,-3.7201478
0.024812162,0.114314035,-3.7325103
0.024812162,0.114314035,-3.7325103
0.015363589,0.1140271,-3.7465618
0.015363589,0.1140271,-3.7465618
0.015363589,0.1140271,-3.7465618
0.0059696585,0.114406615,-3.759463
0.0059696585,0.114406615,-3.759463
0.0059696585,0.114406615,-3.759463
0.0059696585,0.114406615,-3.759463
0.0059696585,0.114406615,-3.759463
0.0059696585,0.114406615,-3.759463
0.0059696585,0.114406615,-3.759463
0.0059696585,0.114406615,-3.759463
-0.04203027,0.11472615,-3.8237536
-0.04203027,0.11472615,-3.8237536
-0.051124882,0.11505141,-3.8359368
-0.051124882,0.11505141,-3.8359368
-0.051124882,0.11505141,-3.8359368
-0.06493144,0.11540411,-3.8539689
-0.06985154,0.1159087,-3.861484
-0.06985154,0.1159087,-3.861484
-0.076202095,0.11634052,-3.87165
-0.076202095,0.11634052,-3.87165
-0.076202095,0.11634052,-3.87165
-0.076202095,0.11634052,-3.87165
-0.076202095,0.11634052,-3.87165
-0.101825446,0.11761135,-3.9082801
-0.101825446,0.11761135,-3.9082801
-0.101825446,0.11761135,-3.9082801
-0.115698576,0.11743735,-3.930085
-0.115698576,0.11743735,-3.930085
-0.12197025,0.11767685,-3.9383647
-0.12197025,0.11767685,-3.9383647
-0.13396515,0.11742372,-3.9544399
-0.13977411,0.117598936,-3.9622304
-0.13977411,0.117598936,-3.9622304
-0.13977411,0.117598936,-3.9622304
-0.13977411,0.117598936,-3.9622304
-0.1586461,0.11778413,-3.986996
-0.1616646,0.11779724,-3.9909284
-0.1616646,0.11779724,-3.9909284
-0.1616646,0.11779724,-3.9909284
-0.17161702,0.11753807,-4.003616
-0.17161702,0.11753807,-4.003616
-0.18439473,0.11798281,-4.018699
-0.18439473,0.11798281,-4.018699
-0.18439473,0.11798281,-4.018699
-0.18439473,0.11798281,-4.018699
-0.18439473,0.11798281,-4.018699
-0.18439473,0.11798281,-4.018699
-0.18439473,0.11798281,-4.018699
-0.22726709,0.11765973,-4.0685053
-0.23765227,0.11750612,-4.0796003
-0.23765227,0.11750612,-4.0796003
-0.23765227,0.11750612,-4.0796003
-0.25903726,0.117160946,-4.101038
-0.25903726,0.117160946,-4.101038
-0.2731161,0.11609183,-4.1164374
-0.28393537,0.11598861,-4.127405
-0.28393537,0.11598861,-4.127405
-0.28393537,0.11598861,-4.127405
-0.28393537,0.11598861,-4.127405
-0.28393537,0.11598861,-4.127405
-0.30882534,0.11535655,-4.1534605
-0.30882534,0.11535655,-4.1534605
-0.3224315,0.11480613,-4.1654954
-0.3224315,0.11480613,-4.1654954
-0.3258637,0.114772856,-4.168775
-0.3258637,0.114772856,-4.168775
-0.3258637,0.114772856,-4.168775
-0.33698797,0.114668965,-4.179472
-0.33698797,0.114668965,-4.179472
-0.34791508,0.11445947,-4.1892524
-0.34791508,0.11445947,-4.1892524
-0.34791508,0.11445947,-4.1892524
-0.36448672,0.113740824,-4.204456
-0.36791208,0.11371824,-4.207727
-0.36791208,0.11371824,-4.207727
-0.38221577,0.11457017,-4.220634
-0.38221577,0.11457017,-4.220634
-0.39272252,0.11479478,-4.230185
-0.39272252,0.11479478,-4.230185
-0.39272252,0.11479478,-4.230185
-0.39272252,0.11479478,-4.230185
-0.39272252,0.11479478,-4.230185
-0.39272252,0.11479478,-4.230185
-0.39272252,0.11479478,-4.230185
-0.39272252,0.11479478,-4.230185
-0.39272252,0.11479478,-4.230185
-0.4545268,0.11332678,-4.279623
-0.4545268,0.11332678,-4.279623
-0.46703163,0.1131649,-4.2892647
-0.46703163,0.1131649,-4.2892647
-0.47928384,0.113611266,-4.2994757
-0.47928384,0.113611266,-4.2994757
-0.49748808,0.11313537,-4.31334
-0.50523853,0.11317709,-4.3199396
-0.50523853,0.11317709,-4.3199396
-0.521675,0.11281571,-4.3333125
-0.521675,0.11281571,-4.3333125
-0.521675,0.11281571,-4.3333125
-0.521675,0.11281571,-4.3333125
-0.521675,0.11281571,-4.3333125
-0.521675,0.11281571,-4.3333125
-0.5501905,0.112245604,-4.355738
-0.558308,0.112330735,-4.3617983
-0.558308,0.112330735,-4.3617983
-0.558308,0.112330735,-4.3617983
-0.5793368,0.11173071,-4.3783937
-0.58727616,0.11168755,-4.384284
-0.58727616,0.11168755,-4.384284
-0.58727616,0.11168755,-4.384284
-0.58727616,0.11168755,-4.384284
-0.58727616,0.11168755,-4.384284
-0.6055002,0.11193418,-4.39653
-0.61418533,0.111611515,-4.4024453
-0.61418533,0.111611515,-4.4024453
-0.61418533,0.111611515,-4.4024453
-0.6328678,0.11135119,-4.4145064
-0.6328678,0.11135119,-4.4145064
-0.6460142,0.1111743,-4.4222646
-0.6460142,0.1111743,-4.4222646
-0.6460142,0.1111743,-4.4222646
-0.67177194,0.11057671,-4.4390426
-0.67177194,0.11057671,-4.4390426
-0.67177194,0.11057671,-4.4390426
-0.67177194,0.11057671,-4.4390426
-0.67177194,0.11057671,-4.4390426
-0.67177194,0.11057671,-4.4390426
-0.67177194,0.11057671,-4.4390426
-0.7154236,0.108971804,-4.4682927
-0.72844005,0.10858019,-4.4758964
-0.72844005,0.10858019,-4.4758964
-0.74154615,0.108446755,-4.4837174
-0.74154615,0.108446755,-4.4837174
-0.75886387,0.10833996,-4.4930015
-0.7676224,0.1083994,-4.497919
-0.7676224,0.1083994,-4.497919
-0.78462994,0.106969,-4.507522
-0.78462994,0.106969,-4.507522
-0.78462994,0.106969,-4.507522
-0.78462994,0.106969,-4.507522
-0.78462994,0.106969,-4.507522
-0.823912,0.10553047,-4.528141
-0.823912,0.10553047,-4.528141
-0.8409957,0.10535873,-4.53683
-0.8409957,0.10535873,-4.53683
-0.85474813,0.105155915,-4.5435634
-0.85474813,0.105155915,-4.5435634
-0.85474813,0.105155915,-4.5435634
-0.85474813,0.105155915,-4.5435634
-0.87295914,0.10444328,-4.553337
-0.8814713,0.10440543,-4.557446
-0.8814713,0.10440543,-4.557446
-0.8814713,0.10440543,-4.557446
-0.90867287,0.10377956,-4.5701756
-0.90867287,0.10377956,-4.5701756
-0.9216544,0.10370718,-4.5761085
-0.9216544,0.10370718,-4.5761085
-0.9216544,0.10370718,-4.5761085
-0.9440698,0.10335265,-4.586274
-0.9440698,0.10335265,-4.586274
-0.9440698,0.10335265,-4.586274
-0.9440698,0.10335265,-4.586274
-0.9440698,0.10335265,-4.586274
-0.9440698,0.10335265,-4.586274
-0.9440698,0.10335265,-4.586274
-0.9440698,0.10335265,-4.586274
-0.9440698,0.10335265,-4.586274
-1.0111893,0.10223544,-4.612453
-1.0111893,0.10223544,-4.612453
-1.0111893,0.10223544,-4.612453
-1.0251981,0.10211603,-4.6173716
-1.0251981,0.10211603,-4.6173716
-1.0251981,0.10211603,-4.6173716
-1.0530304,0.10173258,-4.627068
-1.0530304,0.10173258,-4.627068
-1.0530304,0.10173258,-4.627068
-1.0665693,0.10183765,-4.6314797
-1.0665693,0.10183765,-4.6314797
-1.0665693,0.10183765,-4.6314797
-1.0665693,0.10183765,-4.6314797
-1.0665693,0.10183765,-4.6314797
-1.0665693,0.10183765,-4.6314797
-1.1008297,0.101564325,-4.6419425
-1.1008297,0.101564325,-4.6419425
-1.1150917,0.10137523,-4.6466985
-1.1227897,0.10146723,-4.649166
-1.1350939,0.1016787,-4.652178
-1.1350939,0.1016787,-4.652178
-1.1512867,0.10212713,-4.6563606
-1.1512867,0.10212713,-4.6563606
-1.1512867,0.10212713,-4.6563606
-1.1638798,0.102333605,-4.6598415
-1.1638798,0.102333605,-4.6598415
-1.1638798,0.102333605,-4.6598415
-1.1730585,0.1031897,-4.6614656
-1.1730585,0.1031897,-4.6614656
-1.1859071,0.10367008,-4.6642013
-1.200253,0.1035283,-4.667432
-1.200253,0.1035283,-4.667432
-1.200253,0.1035283,-4.667432
-1.200253,0.1035283,-4.667432
-1.200253,0.1035283,-4.667432
-1.200253,0.1035283,-4.667432
-1.200253,0.1035283,-4.667432
-1.200253,0.1035283,-4.667432
-1.200253,0.1035283,-4.667432
-1.200253,0.1035283,-4.667432
-1.2708548,0.10493938,-4.6801767
-1.2708548,0.10493938,-4.6801767
-1.2841436,0.105801016,-4.6823306
-1.2841436,0.105801016,-4.6823306
-1.296414,0.106331855,-4.6842613
-1.3017225,0.106128424,-4.685378
-1.314805,0.106286295,-4.6874704
-1.314805,0.106286295,-4.6874704
-1.314805,0.106286295,-4.6874704
-1.314805,0.106286295,-4.6874704
-1.314805,0.106286295,-4.6874704
-1.314805,0.106286295,-4.6874704
-1.3513892,0.107257366,-4.6948442
-1.3540835,0.10738896,-4.695738
-1.3540835,0.10738896,-4.695738
-1.3660635,0.10765624,-4.6985908
-1.3835795,0.107932545,-4.702653
-1.3835795,0.107932545,-4.702653
-1.3924273,0.10799757,-4.7047777
-1.3924273,0.10799757,-4.7047777
-1.4115635,0.10741502,-4.7090516
-1.4262409,0.10688247,-4.711564
-1.4262409,0.10688247,-4.711564
-1.4411974,0.10648728,-4.715009
-1.4411974,0.10648728,-4.715009
-1.4411974,0.10648728,-4.715009
-1.4551891,0.10549599,-4.716957
-1.4551891,0.10549599,-4.716957
-1.4743513,0.10480571,-4.7200994
-1.4743513,0.10480571,-4.7200994
-1.4743513,0.10480571,-4.7200994
-1.4743513,0.10480571,-4.7200994
-1.4743513,0.10480571,-4.7200994
-1.4743513,0.10480571,-4.7200994
-1.5407457,0.102331735,-4.731176
-1.5407457,0.102331735,-4.731176
-1.5500468,0.101760805,-4.7321696
-1.5500468,0.101760805,-4.7321696
-1.5707433,0.101112425,-4.734165
-1.5867828,0.09998363,-4.7370167
-1.6017748,0.09944544,-4.738669
-1.6017748,0.09944544,-4.738669
-1.6017748,0.09944544,-4.738669
-1.6017748,0.09944544,-4.738669
-1.6017748,0.09944544,-4.738669
-1.6543635,0.09737167,-4.745181
-1.6654721,0.09699938,-4.7465925
-1.6654721,0.09699938,-4.7465925
-1.6654721,0.09699938,-4.7465925
-1.694598,0.09559649,-4.749524
-1.7089847,0.09499836,-4.7513366
-1.7089847,0.09499836,-4.7513366
-1.7332164,0.09413073,-4.753707
-1.7537543,0.09324382,-4.7555203
-1.7537543,0.09324382,-4.7555203
-1.7712668,0.0923673,-4.756923
-1.7923454,0.09136978,-4.758349
-1.7923454,0.09136978,-4.758349
-1.7923454,0.09136978,-4.758349
-1.8245232,0.0907101,-4.7609625
-1.8245232,0.0907101,-4.7609625
-1.8245232,0.0907101,-4.7609625
-1.8245232,0.0907101,-4.7609625
-1.8245232,0.0907101,-4.7609625
-1.8245232,0.0907101,-4.7609625
-1.894576,0.0886853,-4.7647967
-1.9248271,0.08789854,-4.7665467
-1.9248271,0.08789854,-4.7665467
-1.9480054,0.08708573,-4.768554
-1.9685397,0.08638326,-4.769559
-1.9685397,0.08638326,-4.769559
-2.0005846,0.08536613,-4.770698
-2.0208554,0.084879614,-4.7718678
-2.0208554,0.084879614,-4.7718678
-2.0208554,0.084879614,-4.7718678
-2.0208554,0.084879614,-4.7718678
-2.0739062,0.08373314,-4.7764606
-2.0739062,0.08373314,-4.7764606
-2.100498,0.083483614,-4.778947
-2.114313,0.08366466,-4.7797894
-2.114313,0.08366466,-4.7797894
-2.1467416,0.08331365,-4.7832775
-2.1761525,0.084365286,-4.786074
-2.1761525,0.084365286,-4.786074
-2.1904256,0.08489338,-4.7866907
-2.1904256,0.08489338,-4.7866907
-2.2162483,0.084772274,-4.787857
-2.2412145,0.08310056,-4.7886944
-2.2412145,0.08310056,-4.7886944
-2.2620306,0.08341674,-4.788839
-2.283218,0.08331418,-4.7888203
-2.283218,0.08331418,-4.7888203
-2.283218,0.08331418,-4.7888203
-2.283218,0.08331418,-4.7888203
-2.283218,0.08331418,-4.7888203
-2.283218,0.08331418,-4.7888203
-2.283218,0.08331418,-4.7888203
-2.3596387,0.08056495,-4.7866626
-2.3596387,0.08056495,-4.7866626
-2.3737102,0.08021304,-4.785278
-2.3737102,0.08021304,-4.785278
-2.3940902,0.07990652,-4.7835164
-2.4146252,0.07930208,-4.7818294
-2.4146252,0.07930208,-4.7818294
-2.440191,0.07803199,-4.7805552
-2.440191,0.07803199,-4.7805552
-2.4588656,0.07740897,-4.779233
-2.4588656,0.07740897,-4.779233
-2.4588656,0.07740897,-4.779233
-2.4588656,0.07740897,-4.779233
-2.4588656,0.07740897,-4.779233
-2.4588656,0.07740897,-4.779233
-2.52971,0.07775384,-4.774948
-2.52971,0.07775384,-4.774948
-2.5509005,0.07774228,-4.777093
-2.5509005,0.07774228,-4.777093
-2.5743687,0.07776299,-4.780772
-2.5743687,0.07776299,-4.780772
-2.6063328,0.07714573,-4.7818375
-2.621999,0.07672665,-4.7824984
-2.621999,0.07672665,-4.7824984
-2.621999,0.07672665,-4.7824984
-2.651703,0.07575331,-4.7840137
-2.674562,0.075357534,-4.785494
-2.674562,0.075357534,-4.785494
-2.6998553,0.07462172,-4.788182
-2.6998553,0.07462172,-4.788182
-2.6998553,0.07462172,-4.788182
-2.6998553,0.07462172,-4.788182
-2.6998553,0.07462172,-4.788182
-2.7458029,0.07369033,-4.787971
-2.7458029,0.07369033,-4.787971
-2.7458029,0.07369033,-4.787971
-2.7458029,0.07369033,-4.787971
-2.7458029,0.07369033,-4.787971
-2.7458029,0.07369033,-4.787971
-2.7458029,0.07369033,-4.787971
-2.846606,0.07089481,-4.78384
-2.8691642,0.0704253,-4.7825727
-2.8691642,0.0704253,-4.7825727
-2.8945634,0.069547035,-4.7814612
-2.9187233,0.06882793,-4.7807846
-2.9187233,0.06882793,-4.7807846
-2.951139,0.0682652,-4.7783723
-2.951139,0.0682652,-4.7783723
-2.951139,0.0682652,-4.7783723
-2.951139,0.0682652,-4.7783723
-3.0106688,0.06800442,-4.7735353
-3.0174913,0.06768636,-4.772934
-3.0174913,0.06768636,-4.772934
-3.0174913,0.06768636,-4.772934
-3.0394228,0.06728709,-4.772984
-3.0394228,0.06728709,-4.772984
-3.0686803,0.06687379,-4.772643
-3.0907357,0.066560775,-4.771734
-3.0907357,0.066560775,-4.771734
-3.0907357,0.066560775,-4.771734
-3.0907357,0.066560775,-4.771734
-3.0907357,0.066560775,-4.771734
-3.1296048,0.065793365,-4.770784
-3.1296048,0.065793365,-4.770784
-3.1296048,0.065793365,-4.770784
-3.151742,0.06560165,-4.7705293
-3.1592646,0.06563908,-4.7704787
-3.1592646,0.06563908,-4.7704787
-3.1804929,0.06519392,-4.7694373
-3.1804929,0.06519392,-4.7694373
-3.1804929,0.06519392,-4.7694373
-3.1804929,0.06519392,-4.7694373
-3.2154694,0.06375113,-4.767779
-3.2154694,0.06375113,-4.767779
-3.2154694,0.06375113,-4.767779
-3.2154694,0.06375113,-4.767779
-3.2154694,0.06375113,-4.767779
-3.2154694,0.06375113,-4.767779
-3.2154694,0.06375113,-4.767779
-3.3156552,0.06047852,-4.765413
-3.3156552,0.06047852,-4.765413
-3.3156552,0.06047852,-4.765413
-3.343233,0.059783198,-4.763859
-3.343233,0.059783198,-4.763859
-3.3571591,0.059510708,-4.763621
-3.3571591,0.059510708,-4.763621
-3.3571591,0.059510708,-4.763621
-3.3827138,0.058555752,-4.763082
-3.3827138,0.058555752,-4.763082
-3.4032633,0.058054566,-4.7625427
-3.4032633,0.058054566,-4.7625427
-3.4032633,0.058054566,-4.7625427
-3.4032633,0.058054566,-4.7625427
-3.4032633,0.058054566,-4.7625427
-3.45626,0.056174167,-4.7605143
-3.45626,0.056174167,-4.7605143
-3.4776,0.055589348,-4.7601414
-3.4845111,0.05554392,-4.759406
-3.4845111,0.05554392,-4.759406
-3.4845111,0.05554392,-4.759406
-3.5123198,0.054759335,-4.758724
-3.5123198,0.054759335,-4.758724
-3.5123198,0.054759335,-4.758724
-3.5334008,0.054458626,-4.7581573
-3.5334008,0.054458626,-4.7581573
-3.5334008,0.054458626,-4.7581573
-3.5544474,0.054125614,-4.7573404
-3.574194,0.053759575,-4.7568107
-3.574194,0.053759575,-4.7568107
-3.5956433,0.05388028,-4.7559886
-3.5956433,0.05388028,-4.7559886
-3.623279,0.052967936,-4.7545485
-3.623279,0.052967936,-4.7545485
-3.623279,0.052967936,-4.7545485
-3.623279,0.052967936,-4.7545485
-3.623279,0.052967936,-4.7545485
-3.623279,0.052967936,-4.7545485
-3.623279,0.052967936,-4.7545485
-3.623279,0.052967936,-4.7545485
-3.623279,0.052967936,-4.7545485
-3.623279,0.052967936,-4.7545485
-3.623279,0.052967936,-4.7545485
-3.7569144,0.051318426,-4.755671
-3.7777123,0.051054634,-4.756036
-3.7777123,0.051054634,-4.756036
-3.7777123,0.051054634,-4.756036
-3.7964017,0.05032266,-4.7557445
-3.7964017,0.05032266,-4.7557445
-3.8238037,0.04982384,-4.755209
-3.8238037,0.04982384,-4.755209
-3.8436096,0.049464036,-4.7548623
-3.8436096,0.049464036,-4.7548623
-3.8436096,0.049464036,-4.7548623
-3.8436096,0.049464036,-4.7548623
-3.8837526,0.04874125,-4.75571
-3.9034965,0.047957726,-4.7550354
-3.9034965,0.047957726,-4.7550354
-3.9034965,0.047957726,-4.7550354
-3.9450653,0.046247847,-4.7550125
-3.9450653,0.046247847,-4.7550125
-3.9662201,0.045238942,-4.754803
-3.9662201,0.045238942,-4.754803
-3.9934738,0.044344693,-4.7552304
-4.014078,0.043875307,-4.755032
-4.014078,0.043875307,-4.755032
-4.035348,0.04272885,-4.7545056
-4.035348,0.04272885,-4.7545056
-4.056049,0.042268246,-4.7544575
-4.056049,0.042268246,-4.7544575
-4.0833793,0.041551203,-4.7543287
-4.0833793,0.041551203,-4.7543287
-4.0833793,0.041551203,-4.7543287
-4.0833793,0.041551203,-4.7543287
-4.0833793,0.041551203,-4.7543287
-4.0833793,0.041551203,-4.7543287
-4.0833793,0.041551203,-4.7543287
-4.1790414,0.04114387,-4.7529845
-4.1861258,0.04108975,-4.7529593
-4.206457,0.041218974,-4.7531714
-4.206457,0.041218974,-4.7531714
-4.2337236,0.04103383,-4.75279
-4.2337236,0.04103383,-4.75279
-4.254505,0.04101895,-4.7522817
-4.254505,0.04101895,-4.7522817
-4.254505,0.04101895,-4.7522817
-4.275229,0.040944178,-4.7524104
-4.275229,0.040944178,-4.7524104
-4.275229,0.040944178,-4.7524104
-4.275229,0.040944178,-4.7524104
-4.275229,0.040944178,-4.7524104
-4.321733,0.039641947,-4.752193
-4.321733,0.039641947,-4.752193
-4.342314,0.039338507,-4.7517667
-4.3619947,0.038998347,-4.7517586
-4.3619947,0.038998347,-4.7517586
-4.3619947,0.038998347,-4.7517586
-4.382726,0.038643945,-4.7517233
-4.382726,0.038643945,-4.7517233
-4.403206,0.038184732,-4.751379
-4.403206,0.038184732,-4.751379
-4.4241295,0.037926305,-4.750313
-4.4241295,0.037926305,-4.750313
-4.45162,0.037953384,-4.749667
-4.45162,0.037953384,-4.749667
-4.472039,0.03763315,-4.749347
-4.472039,0.03763315,-4.749347
-4.5007772,0.037142552,-4.7491837
-4.5007772,0.037142552,-4.7491837
-4.5007772,0.037142552,-4.7491837
-4.5007772,0.037142552,-4.7491837
-4.5007772,0.037142552,-4.7491837
-4.5007772,0.037142552,-4.7491837
-4.5007772,0.037142552,-4.7491837
-4.594958,0.035392888,-4.7471256
-4.6088624,0.0346603,-4.74722
-4.630477,0.034455508,-4.7463546
-4.630477,0.034455508,-4.7463546
-4.630477,0.034455508,-4.7463546
-4.6580405,0.033894747,-4.745613
-4.6580405,0.033894747,-4.745613
-4.67962,0.03350947,-4.745271
-4.67962,0.03350947,-4.745271
-4.7016764,0.032419473,-4.7459474
-4.7016764,0.032419473,-4.7459474
-4.7016764,0.032419473,-4.7459474
-4.7016764,0.032419473,-4.7459474
-4.7016764,0.032419473,-4.7459474
-4.754219,0.031432867,-4.7455506
-4.754219,0.031432867,-4.7455506
-4.7606583,0.031381644,-4.7455363
-4.786264,0.031422216,-4.745739
-4.786264,0.031422216,-4.745739
-4.7992435,0.031220347,-4.745966
-4.7992435,0.031220347,-4.745966
-4.7992435,0.031220347,-4.745966
-4.8273506,0.031177487,-4.74534
-4.8555927,0.030831857,-4.7440643
-4.8555927,0.030831857,-4.7440643
-4.8788047,0.030548126,-4.7428894
-4.8999763,0.030461205,-4.742382
-4.8999763,0.030461205,-4.742382
-4.8999763,0.030461205,-4.742382
-4.923657,0.029817061,-4.7411504
-4.923657,0.029817061,-4.7411504
-4.923657,0.029817061,-4.7411504
-4.923657,0.029817061,-4.7411504
-4.9439664,0.029850602,-4.7386913
-4.9439664,0.029850602,-4.7386913
-4.9439664,0.029850602,-4.7386913
-4.9439664,0.029850602,-4.7386913
-4.9439664,0.029850602,-4.7386913
-4.9439664,0.029850602,-4.7386913
-4.9439664,0.029850602,-4.7386913
-4.9439664,0.029850602,-4.7386913
-5.0664296,0.026682466,-4.7259865
-5.0799813,0.026456684,-4.723825
-5.0799813,0.026456684,-4.723825
-5.101296,0.02619438,-4.7215834
-5.1224985,0.02515916,-4.719737
-5.1224985,0.02515916,-4.719737
-5.1430583,0.024683952,-4.717529
-5.1430583,0.024683952,-4.717529
-5.1430583,0.024683952,-4.717529
-5.1430583,0.024683952,-4.717529
-5.1430583,0.024683952,-4.717529
-5.1430583,0.024683952,-4.717529
-5.2112823,0.02209276,-4.709485
-5.232255,0.0216237,-4.706916
-5.2512727,0.021049934,-4.7060847
-5.2512727,0.021049934,-4.7060847
-5.2769823,0.020786881,-4.704927
-5.2769823,0.020786881,-4.704927
-5.295991,0.020625064,-4.703173
-5.315782,0.02048403,-4.7025037
-5.315782,0.02048403,-4.7025037
-5.3352466,0.020254979,-4.7022853
-5.3352466,0.020254979,-4.7022853
-5.35483,0.019796113,-4.7021112
-5.35483,0.019796113,-4.7021112
-5.35483,0.019796113,-4.7021112
-5.382106,0.019394794,-4.7013254
-5.382106,0.019394794,-4.7013254
-5.382106,0.019394794,-4.7013254
-5.382106,0.019394794,-4.7013254
-5.382106,0.019394794,-4.7013254
-5.382106,0.019394794,-4.7013254
-5.382106,0.019394794,-4.7013254
-5.382106,0.019394794,-4.7013254
-5.382106,0.019394794,-4.7013254
-5.490009,0.018397778,-4.7004437
-5.490009,0.018397778,-4.7004437
-5.490009,0.018397778,-4.7004437
-5.510491,0.018453727,-4.699577
-5.510491,0.018453727,-4.699577
-5.52986,0.018442601,-4.6994324
-5.5509706,0.018263817,-4.699761
-5.5509706,0.018263817,-4.699761
-5.571056,0.018004596,-4.6998224
-5.571056,0.018004596,-4.6998224
-5.571056,0.018004596,-4.6998224
-5.571056,0.018004596,-4.6998224
-5.6192226,0.01717312,-4.699622
-5.6405053,0.016330123,-4.699181
-5.6405053,0.016330123,-4.699181
-5.6622057,0.015951017,-4.6991463
-5.6818075,0.0158045,-4.698763
-5.6818075,0.0158045,-4.698763
-5.6818075,0.0158045,-4.698763
-5.6818075,0.0158045,-4.698763
-5.7082195,0.015109696,-4.6982646
-5.728263,0.015019531,-4.6981874
-5.728263,0.015019531,-4.6981874
-5.7473884,0.0149023915,-4.698447
-5.766712,0.014334708,-4.6984215
-5.766712,0.014334708,-4.6984215
-5.7872653,0.014255085,-4.6978354
-5.7872653,0.014255085,-4.6978354
-5.8080015,0.0137581015,-4.698153
-5.8080015,0.0137581015,-4.698153
-5.8080015,0.0137581015,-4.698153
-5.8080015,0.0137581015,-4.698153
-5.8080015,0.0137581015,-4.698153
-5.8080015,0.0137581015,-4.698153
-5.8080015,0.0137581015,-4.698153
-5.8080015,0.0137581015,-4.698153
-5.8080015,0.0137581015,-4.698153
-5.8080015,0.0137581015,-4.698153
-5.9034605,0.010684133,-4.6917486
-5.924704,0.009870946,-4.68622
-5.924704,0.009870946,-4.68622
-5.947288,0.009110421,-4.6825457
-5.9773707,0.007243246,-4.6795115
-5.9773707,0.007243246,-4.6795115
-5.9983487,0.0069364095,-4.6761565
-5.9983487,0.0069364095,-4.6761565
-5.9983487,0.0069364095,-4.6761565
-5.9983487,0.0069364095,-4.6761565
-5.9983487,0.0069364095,-4.6761565
-5.9983487,0.0069364095,-4.6761565
-6.0636168,0.005124539,-4.6678424
-6.0636168,0.005124539,-4.6678424
-6.08595,0.0045894086,-4.665701
-6.08595,0.0045894086,-4.665701
-6.1159782,0.00408239,-4.6611376
-6.1159782,0.00408239,-4.6611376
-6.1376843,0.003821075,-4.6551876
-6.1615357,0.0032573342,-4.6493764
-6.1615357,0.0032573342,-4.6493764
-6.1615357,0.0032573342,-4.6493764
-6.1615357,0.0032573342,-4.6493764
-6.1615357,0.0032573342,-4.6493764
-6.2050366,0.0013909638,-4.638734
-6.2268248,0.0005964423,-4.633432
-6.2268248,0.0005964423,-4.633432
-6.2570367,-0.0012386953,-4.625376
-6.2570367,-0.0012386953,-4.625376
-6.2570367,-0.0012386953,-4.625376
-6.2570367,-0.0012386953,-4.625376
-6.2570367,-0.0012386953,-4.625376
-6.2570367,-0.0012386953,-4.625376
-6.2570367,-0.0012386953,-4.625376
-6.2570367,-0.0012386953,-4.625376
-6.2570367,-0.0012386953,-4.625376
-6.2570367,-0.0012386953,-4.625376
-6.351354,-0.0040209293,-4.5980835
-6.372451,-0.0048335195,-4.591277
-6.386787,-0.005340427,-4.5872107
-6.4130898,-0.005936086,-4.5784197
-6.4130898,-0.005936086,-4.5784197
-6.4130898,-0.005936086,-4.5784197
-6.4340086,-0.0066607,-4.5717
-6.4340086,-0.0066607,-4.5717
-6.4530425,-0.007792703,-4.5650983
-6.4530425,-0.007792703,-4.5650983
-6.4530425,-0.007792703,-4.5650983
-6.4530425,-0.007792703,-4.5650983
-6.4530425,-0.007792703,-4.5650983
-6.4530425,-0.007792703,-4.5650983
-6.4530425,-0.007792703,-4.5650983
-6.4530425,-0.007792703,-4.5650983
-6.525374,-0.010123163,-4.53827
-6.5369678,-0.009746581,-4.5334563
-6.5369678,-0.009746581,-4.5334563
-6.5570817,-0.010082637,-4.5259943
-6.5570817,-0.010082637,-4.5259943
-6.5570817,-0.010082637,-4.5259943
-6.5747695,-0.010629228,-4.5188117
-6.5747695,-0.010629228,-4.5188117
-6.593513,-0.0111247,-4.5119023
-6.593513,-0.0111247,-4.5119023
-6.6169505,-0.010794444,-4.5029902
-6.6169505,-0.010794444,-4.5029902
-6.6357875,-0.011139231,-4.495552
-6.6357875,-0.011139231,-4.495552
-6.6550884,-0.011803231,-4.48839
-6.6752996,-0.0125133395,-4.4809422
-6.6752996,-0.0125133395,-4.4809422
-6.6752996,-0.0125133395,-4.4809422
-6.6752996,-0.0125133395,-4.4809422
-6.6752996,-0.0125133395,-4.4809422
-6.6752996,-0.0125133395,-4.4809422
-6.6752996,-0.0125133395,-4.4809422
-6.6752996,-0.0125133395,-4.4809422
-6.6752996,-0.0125133395,-4.4809422
-6.6752996,-0.0125133395,-4.4809422
-6.777816,-0.016080728,-4.4386535
-6.777816,-0.016080728,-4.4386535
-6.777816,-0.016080728,-4.4386535
-6.797504,-0.016976446,-4.430033
-6.797504,-0.016976446,-4.430033
-6.8166766,-0.017823607,-4.4217796
-6.8166766,-0.017823607,-4.4217796
-6.844962,-0.019116491,-4.4088964
-6.844962,-0.019116491,-4.4088964
-6.844962,-0.019116491,-4.4088964
-6.863883,-0.019747972,-4.3996773
-6.863883,-0.019747972,-4.3996773
-6.863883,-0.019747972,-4.3996773
-6.863883,-0.019747972,-4.3996773
-6.863883,-0.019747972,-4.3996773
-6.9094186,-0.02196916,-4.375513
-6.9149876,-0.022049725,-4.3719406
-6.9149876,-0.022049725,-4.3719406
-6.93821,-0.022649229,-4.357108
-6.93821,-0.022649229,-4.357108
-6.93821,-0.022649229,-4.357108
-6.9610543,-0.023034543,-4.3420086
-6.9719076,-0.023313701,-4.3332787
-6.9719076,-0.023313701,-4.3332787
-6.99174,-0.023870468,-4.315526
-6.99174,-0.023870468,-4.315526
-7.011657,-0.024361014,-4.2967305
-7.0219297,-0.02469205,-4.2867546
-7.0219297,-0.02469205,-4.2867546
-7.035426,-0.025446922,-4.273127
-7.035426,-0.025446922,-4.273127
-7.053947,-0.025751531,-4.2539415
-7.053947,-0.025751531,-4.2539415
-7.053947,-0.025751531,-4.2539415
-7.053947,-0.025751531,-4.2539415
-7.053947,-0.025751531,-4.2539415
-7.053947,-0.025751531,-4.2539415
-7.053947,-0.025751531,-4.2539415
-7.10308,-0.026697626,-4.19538
-7.10308,-0.026697626,-4.19538
-7.11502,-0.027412703,-4.1790733
-7.11502,-0.027412703,-4.1790733
-7.1311803,-0.028540462,-4.155693
-7.1311803,-0.028540462,-4.155693
-7.1442213,-0.029795485,-4.137415
-7.1442213,-0.029795485,-4.137415
-7.156755,-0.030561864,-4.1190295
-7.156755,-0.030561864,-4.1190295
-7.16699,-0.03188598,-4.1018186
-7.16699,-0.03188598,-4.1018186
-7.16699,-0.03188598,-4.1018186
-7.16699,-0.03188598,-4.1018186
-7.193896,-0.03310311,-4.0538077
-7.19688,-0.03326896,-4.0474033
-7.19688,-0.03326896,-4.0474033
-7.19688,-0.03326896,-4.0474033
-7.210692,-0.032506607,-4.0224423
-7.210692,-0.032506607,-4.0224423
-7.2200427,-0.032549016,-4.003383
-7.2200427,-0.032549016,-4.003383
-7.230081,-0.031380046,-3.9836
-7.230081,-0.031380046,-3.9836
-7.230081,-0.031380046,-3.9836
-7.23945,-0.030516943,-3.9639099
-7.23945,-0.030516943,-3.9639099
-7.250869,-0.03038156,-3.9365866
-7.250869,-0.03038156,-3.9365866
-7.260846,-0.029695293,-3.917487
-7.260846,-0.029695293,-3.917487
-7.270061,-0.029475778,-3.9004476
-7.270061,-0.029475778,-3.9004476
-7.282796,-0.03244725,-3.8782556
-7.282796,-0.03244725,-3.8782556
-7.282796,-0.03244725,-3.8782556
-7.282796,-0.03244725,-3.8782556
-7.282796,-0.03244725,-3.8782556
-7.282796,-0.03244725,-3.8782556
-7.282796,-0.03244725,-3.8782556
-7.282796,-0.03244725,-3.8782556
-7.3239913,-0.03971809,-3.790827
-7.3239913,-0.03971809,-3.790827
-7.3312936,-0.041324764,-3.772167
-7.3312936,-0.041324764,-3.772167
-6.968839,-0.011311412,-3.6897686
-6.942672,-0.008908063,-3.6793091
-6.9362297,-0.008358836,-3.6569464
-6.9362297,-0.008358836,-3.6569464
-6.9362297,-0.008358836,-3.6569464
-6.9362297,-0.008358836,-3.6569464
-6.9362297,-0.008358836,-3.6569464
-6.9568157,-0.010892481,-3.5848658
-6.9568157,-0.010892481,-3.5848658
-6.961605,-0.011088103,-3.563287
-6.968857,-0.011394045,-3.5436242
-6.968857,-0.011394045,-3.5436242
-6.980494,-0.012952685,-3.5173957
-6.980494,-0.012952685,-3.5173957
-6.989772,-0.013568252,-3.4966333
-6.989772,-0.013568252,-3.4966333
-6.989772,-0.013568252,-3.4966333
-7.0382133,-0.020353764,-3.4503314
-7.0382133,-0.020353764,-3.4503314
-7.0450463,-0.020926565,-3.4356763
-7.0611134,-0.021648973,-3.3904307
-7.0611134,-0.021648973,-3.3904307
-7.0611134,-0.021648973,-3.3904307
-7.0611134,-0.021648973,-3.3904307
-7.0611134,-0.021648973,-3.3904307
-7.0611134,-0.021648973,-3.3904307
-7.0611134,-0.021648973,-3.3904307
-7.0611134,-0.021648973,-3.3904307
-7.0611134,-0.021648973,-3.3904307
-7.0878205,-0.025193883,-3.2913747
-7.0878205,-0.025193883,-3.2913747
-7.0907607,-0.025851756,-3.2765577
-7.0907607,-0.025851756,-3.2765577
-7.0907607,-0.025851756,-3.2765577
-7.0944824,-0.0265311,-3.2549279
-7.4198065,-0.043721795,-3.398606
-7.4238386,-0.0439938,-3.3798645
-7.4238386,-0.0439938,-3.3798645
-7.4238386,-0.0439938,-3.3798645
-7.4252777,-0.0442247,-3.35802
-7.4252777,-0.0442247,-3.35802
-7.4252777,-0.0442247,-3.35802
-7.4252777,-0.0442247,-3.35802
-7.4297843,-0.045808077,-3.316335
-7.431273,-0.046772838,-3.2952826
-7.431273,-0.046772838,-3.2952826
-7.431273,-0.046772838,-3.2952826
-7.4316597,-0.047722667,-3.266103
-7.4316597,-0.047722667,-3.266103
-7.4316597,-0.047722667,-3.266103
-7.4344378,-0.048654877,-3.2387698
-7.4344378,-0.048654877,-3.2387698
-7.4362965,-0.048862003,-3.2251608
-7.4362965,-0.048862003,-3.2251608
-7.439097,-0.049756855,-3.198078
-7.439097,-0.049756855,-3.198078
-7.4394836,-0.049990177,-3.1847441
-7.4394836,-0.049990177,-3.1847441
-7.441325,-0.050946873,-3.1569743
-7.441325,-0.050946873,-3.1569743
-7.441325,-0.050946873,-3.1569743
-7.442554,-0.051428013,-3.135724
-7.442554,-0.051428013,-3.135724
-7.445515,-0.052170955,-3.107577
-7.445515,-0.052170955,-3.107577
-7.445515,-0.052170955,-3.107577
-7.445515,-0.052170955,-3.107577
-7.445515,-0.052170955,-3.107577
-7.4511847,-0.054941766,-3.0362465
-7.4527354,-0.05528766,-3.02151
-7.454757,-0.056124777,-3.0006695
-7.454757,-0.056124777,-3.0006695
-7.4575458,-0.05712515,-2.9723372
-7.4575458,-0.05712515,-2.9723372
-7.459119,-0.057874322,-2.952501
-7.460871,-0.058543354,-2.9305065
-7.460871,-0.058543354,-2.9305065
-7.460871,-0.058543354,-2.9305065
-7.460871,-0.058543354,-2.9305065
-7.460871,-0.058543354,-2.9305065
-7.460871,-0.058543354,-2.9305065
-7.470621,-0.0605148,-2.8628862
-7.4716873,-0.060898274,-2.8481545
-7.4716873,-0.060898274,-2.8481545
-7.4751267,-0.061492294,-2.8190308
-7.4751267,-0.061492294,-2.8190308
-7.476405,-0.0618321,-2.7962856
-7.476405,-0.0618321,-2.7962856
-7.476405,-0.0618321,-2.7962856
-7.4807954,-0.06216836,-2.7466707
-7.4824533,-0.061943643,-2.724663
-7.4824533,-0.061943643,-2.724663
-7.4824533,-0.061943643,-2.724663
-7.484628,-0.063161135,-2.7033637
-7.484628,-0.063161135,-2.7033637
-7.484628,-0.063161135,-2.7033637
-7.485708,-0.06364187,-2.6820893
-7.485708,-0.06364187,-2.6820893
-7.485708,-0.06364187,-2.6820893
-7.485708,-0.06364187,-2.6820893
-7.485708,-0.06364187,-2.6820893
-7.485708,-0.06364187,-2.6820893
-7.485708,-0.06364187,-2.6820893
-7.485708,-0.06364187,-2.6820893
-7.485708,-0.06364187,-2.6820893
-7.485708,-0.06364187,-2.6820893
-7.4933796,-0.067561746,-2.5901496
-7.4933796,-0.067561746,-2.5901496
-7.4966884,-0.068125606,-2.5695257
-7.4966884,-0.068125606,-2.5695257
-7.5004435,-0.06839328,-2.548174
-7.505527,-0.06988531,-2.5205374
-7.505527,-0.06988531,-2.5205374
-7.5102177,-0.070326865,-2.4999707
-7.5102177,-0.070326865,-2.4999707
-7.5120015,-0.070542246,-2.4800653
-7.5120015,-0.070542246,-2.4800653
-7.5120015,-0.070542246,-2.4800653
-7.5120015,-0.070542246,-2.4800653
-7.5120015,-0.070542246,-2.4800653
-7.526306,-0.072111,-2.4115484
-7.526306,-0.072111,-2.4115484
-7.5311146,-0.07217446,-2.3895607
-7.5311146,-0.07217446,-2.3895607
-7.5357018,-0.07201131,-2.3696187
-7.5357018,-0.07201131,-2.3696187
-7.541703,-0.072062135,-2.343184
-7.541703,-0.072062135,-2.343184
-7.546845,-0.07248794,-2.3232362
-7.5528235,-0.072895855,-2.304239
-7.5528235,-0.072895855,-2.304239
-7.5528235,-0.072895855,-2.304239
-7.5597186,-0.07344055,-2.2772884
-7.565498,-0.07385527,-2.25694
-7.565498,-0.07385527,-2.25694
-7.5710387,-0.07460846,-2.236936
-7.5710387,-0.07460846,-2.236936
-7.5710387,-0.07460846,-2.236936
-7.5710387,-0.07460846,-2.236936
-7.5710387,-0.07460846,-2.236936
-7.5710387,-0.07460846,-2.236936
-7.5710387,-0.07460846,-2.236936
-7.5710387,-0.07460846,-2.236936
-7.5710387,-0.07460846,-2.236936
-7.5710387,-0.07460846,-2.236936
-7.6052275,-0.077770345,-2.1291752
-7.6052275,-0.077770345,-2.1291752
-7.6110463,-0.07769894,-2.110043
-7.6110463,-0.07769894,-2.110043
-7.6110463,-0.07769894,-2.110043
-7.617942,-0.07815108,-2.0906892
-7.617942,-0.07815108,-2.0906892
-7.617942,-0.07815108,-2.0906892
-7.62673,-0.07963815,-2.0654514
-7.62673,-0.07963815,-2.0654514
-7.62673,-0.07963815,-2.0654514
-7.62673,-0.07963815,-2.0654514
-7.62673,-0.07963815,-2.0654514
-7.62673,-0.07963815,-2.0654514
-7.62673,-0.07963815,-2.0654514
-7.6447473,-0.08186698,-2.00942
-7.6447473,-0.08186698,-2.00942
-7.6519756,-0.082302086,-1.9910401
-7.6519756,-0.082302086,-1.9910401
-7.6607795,-0.08243963,-1.9659677
-7.6678967,-0.08272532,-1.9469204
-7.6678967,-0.08272532,-1.9469204
-7.6678967,-0.08272532,-1.9469204
-7.675699,-0.08365378,-1.9286325
-7.675699,-0.08365378,-1.9286325
-7.675699,-0.08365378,-1.9286325
-7.685544,-0.08459848,-1.9029491
-7.685544,-0.08459848,-1.9029491
-7.6942244,-0.08629832,-1.8856397
-7.6942244,-0.08629832,-1.8856397
-7.6942244,-0.08629832,-1.8856397
-7.7020354,-0.08653223,-1.8672634
-7.7020354,-0.08653223,-1.8672634
-7.7020354,-0.08653223,-1.8672634
-7.714071,-0.08696364,-1.8430257
-7.714071,-0.08696364,-1.8430257
-7.714071,-0.08696364,-1.8430257
-7.714071,-0.08696364,-1.8430257
-7.714071,-0.08696364,-1.8430257
-7.714071,-0.08696364,-1.8430257
-7.7506237,-0.08784642,-1.7685379
-7.75983,-0.08836824,-1.7497568
-7.75983,-0.08836824,-1.7497568
-7.75983,-0.08836824,-1.7497568
-7.7695155,-0.088612914,-1.7310696
-7.7695155,-0.088612914,-1.7310696
-7.7695155,-0.088612914,-1.7310696
-7.783011,-0.08842817,-1.7061079
-7.783011,-0.08842817,-1.7061079
-7.789817,-0.08863938,-1.6937943
-7.789817,-0.08863938,-1.6937943
-7.8032765,-0.08950585,-1.6694663
-7.8032765,-0.08950585,-1.6694663
-7.8032765,-0.08950585,-1.6694663
-7.8032765,-0.08950585,-1.6694663
-7.8269935,-0.08955058,-1.6242596
-7.8373485,-0.09042227,-1.6042702
-7.8373485,-0.09042227,-1.6042702
-7.8470664,-0.090716414,-1.5847327
-7.8470664,-0.090716414,-1.5847327
-7.8577724,-0.09105925,-1.5649399
-7.8577724,-0.09105925,-1.5649399
-7.8577724,-0.09105925,-1.5649399
-7.86811,-0.09111971,-1.5457249
-7.86811,-0.09111971,-1.5457249
-7.86811,-0.09111971,-1.5457249
-7.86811,-0.09111971,-1.5457249
-7.879933,-0.09444415,-1.5203358
-7.879933,-0.09444415,-1.5203358
-7.879933,-0.09444415,-1.5203358
-7.890411,-0.09529983,-1.5024132
-7.9002805,-0.09751817,-1.4826387
-7.9114604,-0.09830463,-1.4641333
-7.9114604,-0.09830463,-1.4641333
-7.922395,-0.09972189,-1.444585
-7.922395,-0.09972189,-1.444585
-7.922395,-0.09972189,-1.444585
-7.922395,-0.09972189,-1.444585
-7.922395,-0.09972189,-1.444585
-7.922395,-0.09972189,-1.444585
-7.922395,-0.09972189,-1.444585
-7.922395,-0.09972189,-1.444585
-7.971338,-0.10336247,-1.3594315
-7.97883,-0.10382344,-1.3477944
-7.97883,-0.10382344,-1.3477944
-7.97883,-0.10382344,-1.3477944
-7.9910293,-0.10554987,-1.3269362
-7.9910293,-0.10554987,-1.3269362
-8.003266,-0.10477682,-1.3101455
-8.003266,-0.10477682,-1.3101455
-8.015147,-0.104749754,-1.2943474
-8.015147,-0.104749754,-1.2943474
-8.015147,-0.104749754,-1.2943474
-8.015147,-0.104749754,-1.2943474
-8.015147,-0.104749754,-1.2943474
-8.015147,-0.104749754,-1.2943474
-8.015147,-0.104749754,-1.2943474
-8.059294,-0.10746631,-1.2313018
-8.059294,-0.10746631,-1.2313018
-8.059294,-0.10746631,-1.2313018
-8.065078,-0.10708329,-1.2189789
-8.065078,-0.10708329,-1.2189789
-8.073567,-0.10729183,-1.2005914
-8.073567,-0.10729183,-1.2005914
-8.073567,-0.10729183,-1.2005914
-8.079023,-0.107768,-1.1873543
-8.079023,-0.107768,-1.1873543
-8.087543,-0.1083059,-1.1700861
-8.087834,-0.10755193,-1.1604474
-8.087834,-0.10755193,-1.1604474
-8.094453,-0.107681595,-1.1447463
-8.094453,-0.107681595,-1.1447463
-8.094453,-0.107681595,-1.1447463
-8.103315,-0.10836653,-1.1251733
-8.103315,-0.10836653,-1.1251733
-8.110619,-0.108614326,-1.1086025
-8.110619,-0.108614326,-1.1086025
-8.110619,-0.108614326,-1.1086025
-8.110619,-0.108614326,-1.1086025
-8.110619,-0.108614326,-1.1086025
-8.110619,-0.108614326,-1.1086025
-8.110619,-0.108614326,-1.1086025
-8.115176,-0.108365715,-1.061194
-8.115176,-0.108365715,-1.061194
-8.116081,-0.10821262,-1.0465229
-8.118529,-0.1083138,-1.034945
-8.118529,-0.1083138,-1.034945
-8.118529,-0.1083138,-1.034945
-8.123394,-0.10843104,-1.0015392
-8.123394,-0.10843104,-1.0015392
-8.123921,-0.109025165,-0.9862116
-8.123921,-0.109025165,-0.9862116
-8.123921,-0.109025165,-0.9862116
-8.123921,-0.109025165,-0.9862116
-8.123921,-0.109025165,-0.9862116
-8.130871,-0.10978954,-0.93389535
-8.130871,-0.10978954,-0.93389535
-8.132917,-0.10981691,-0.9203617
-8.132917,-0.10981691,-0.9203617
-8.132917,-0.10981691,-0.9203617
-8.139139,-0.10996321,-0.8974542
-8.143923,-0.1106627,-0.88626593
-8.143923,-0.1106627,-0.88626593
-8.148512,-0.11056139,-0.8696643
-8.150851,-0.11015019,-0.8566808
-8.150851,-0.11015019,-0.8566808
-8.154791,-0.110336624,-0.83893013
-8.159512,-0.1095263,-0.8216386
-8.159512,-0.1095263,-0.8216386
-8.159512,-0.1095263,-0.8216386
-8.165431,-0.10966101,-0.79284054
-8.165431,-0.10966101,-0.79284054
-8.165431,-0.10966101,-0.79284054
-8.165431,-0.10966101,-0.79284054
-8.165431,-0.10966101,-0.79284054
-8.165431,-0.10966101,-0.79284054
-8.165431,-0.10966101,-0.79284054
-8.165431,-0.10966101,-0.79284054
-8.165431,-0.10966101,-0.79284054
-8.165431,-0.10966101,-0.79284054
-8.176408,-0.11088088,-0.7269986
-8.179569,-0.11127743,-0.7089552
-8.182458,-0.113330066,-0.68464595
-8.182458,-0.113330066,-0.68464595
-8.184603,-0.113960594,-0.66559285
-8.184603,-0.113960594,-0.66559285
-8.185055,-0.116741054,-0.6460991
-8.18346,-0.117334604,-0.62722474
-8.18346,-0.117334604,-0.62722474
-8.18346,-0.117334604,-0.62722474
-8.18346,-0.117334604,-0.62722474
-8.18346,-0.117334604,-0.62722474
-8.177198,-0.12014075,-0.5796126
-8.17432,-0.12079515,-0.5670185
-8.17432,-0.12079515,-0.5670185
-8.170709,-0.121292286,-0.5482936
-8.164422,-0.121383816,-0.5281262
-8.164422,-0.121383816,-0.5281262
-8.159111,-0.1219874,-0.50300604
-8.159111,-0.1219874,-0.50300604
-8.154539,-0.12230172,-0.48569345
-8.154539,-0.12230172,-0.48569345
-8.148597,-0.121715456,-0.46134955
-8.144858,-0.1218473,-0.44924647
-8.144858,-0.1218473,-0.44924647
-8.144858,-0.1218473,-0.44924647
-8.140195,-0.12137099,-0.43297005
-8.140195,-0.12137099,-0.43297005
-8.1332,-0.12098248,-0.41205683
-8.1332,-0.12098248,-0.41205683
-8.1332,-0.12098248,-0.41205683
-8.1332,-0.12098248,-0.41205683
-8.1332,-0.12098248,-0.41205683
-8.1332,-0.12098248,-0.41205683
-8.1332,-0.12098248,-0.41205683
-8.108289,-0.1181879,-0.3542632
-8.108289,-0.1181879,-0.3542632
-8.098801,-0.11733531,-0.337911
-8.098801,-0.11733531,-0.337911
-8.093974,-0.11724007,-0.32812947
-8.093974,-0.11724007,-0.32812947
-8.093974,-0.11724007,-0.32812947
-8.08266,-0.11616054,-0.3093241
-8.077894,-0.11590894,-0.30067325
-8.077894,-0.11590894,-0.30067325
-8.070885,-0.11464134,-0.2927484
-8.070885,-0.11464134,-0.2927484
-8.070885,-0.11464134,-0.2927484
-8.070885,-0.11464134,-0.2927484
-8.070885,-0.11464134,-0.2927484
-8.070885,-0.11464134,-0.2927484
-8.070885,-0.11464134,-0.2927484
-8.0498905,-0.11285101,-0.24861185
-8.0498905,-0.11285101,-0.24861185
-8.047054,-0.11400798,-0.23593384
-8.047054,-0.11400798,-0.23593384
-8.047054,-0.11400798,-0.23593384
-8.044121,-0.11528706,-0.2196822
-8.040661,-0.1154882,-0.20311946
-8.040661,-0.1154882,-0.20311946
-8.040661,-0.1154882,-0.20311946
-8.040661,-0.1154882,-0.20311946
-8.035241,-0.1166383,-0.16274929
-8.035241,-0.1166383,-0.16274929
-8.031579,-0.11735224,-0.14319007
-8.031579,-0.11735224,-0.14319007
-8.031579,-0.11735224,-0.14319007
-8.028719,-0.11789507,-0.12302536
-8.028719,-0.11789507,-0.12302536
-8.028719,-0.11789507,-0.12302536
-8.028719,-0.11789507,-0.12302536
-8.028719,-0.11789507,-0.12302536
-8.028719,-0.11789507,-0.12302536
-8.028719,-0.11789507,-0.12302536
-8.028719,-0.11789507,-0.12302536
-8.012783,-0.1187463,-0.01588862
-8.012783,-0.1187463,-0.01588862
-8.011074,-0.1188268,-0.002155174
-8.011074,-0.1188268,-0.002155174
-8.011074,-0.1188268,-0.002155174
-8.011074,-0.1188268,-0.002155174
-8.006271,-0.12029456,0.04908998
-8.003266,-0.12269285,0.059602797
-8.003266,-0.12269285,0.059602797
-8.003266,-0.12269285,0.059602797
-8.003266,-0.12269285,0.059602797
-8.003266,-0.12269285,0.059602797
-7.99464,-0.1253183,0.12359705
-7.9939513,-0.12814018,0.14144081
-7.9939513,-0.12814018,0.14144081
-7.9897466,-0.1282955,0.16152777
-7.9897466,-0.1282955,0.16152777
-7.9810376,-0.13031134,0.188066
-7.9767995,-0.13034846,0.20115133
-7.9688067,-0.13228424,0.22326936
-7.9688067,-0.13228424,0.22326936
-7.963657,-0.13318719,0.24054576
-7.963657,-0.13318719,0.24054576
-7.9560905,-0.13376816,0.2589354
-7.9560905,-0.13376816,0.2589354
-7.9470277,-0.13458122,0.27505022
-7.9470277,-0.13458122,0.27505022
-7.9370217,-0.13462593,0.29125565
-7.9370217,-0.13462593,0.29125565
-7.9370217,-0.13462593,0.29125565
-7.9370217,-0.13462593,0.29125565
-7.9370217,-0.13462593,0.29125565
-7.9370217,-0.13462593,0.29125565
-7.9370217,-0.13462593,0.29125565
-7.8965936,-0.13830706,0.3535698
-7.8965936,-0.13830706,0.3535698
-7.8874784,-0.14000472,0.36271036
-7.8874784,-0.14000472,0.36271036
-7.8874784,-0.14000472,0.36271036
-7.8874784,-0.14000472,0.36271036
-7.8718657,-0.14028974,0.38293782
-7.8718657,-0.14028974,0.38293782
-7.8607383,-0.14038229,0.39657563
-7.8607383,-0.14038229,0.39657563
-7.848265,-0.14040643,0.4129821
-7.848265,-0.14040643,0.4129821
-7.848265,-0.14040643,0.4129821
-7.848265,-0.14040643,0.4129821
-7.848265,-0.14040643,0.4129821
-7.806227,-0.13962568,0.45957074
-7.806227,-0.13962568,0.45957074
-7.7922125,-0.1404061,0.47380677
-7.7922125,-0.1404061,0.47380677
-7.7922125,-0.1404061,0.47380677
-7.7735295,-0.1404992,0.4945076
-7.7735295,-0.1404992,0.4945076
-7.765779,-0.13952401,0.5029584
-7.765779,-0.13952401,0.5029584
-7.748791,-0.13909848,0.5225927
-7.7336044,-0.13957673,0.5340301
-7.7336044,-0.13957673,0.5340301
-7.7190366,-0.13942774,0.55000645
-7.7046885,-0.14070806,0.5662626
-7.7046885,-0.14070806,0.5662626
-7.7046885,-0.14070806,0.5662626
-7.682114,-0.14210083,0.5934339
-7.682114,-0.14210083,0.5934339
-7.682114,-0.14210083,0.5934339
-7.682114,-0.14210083,0.5934339
-7.682114,-0.14210083,0.5934339
-7.682114,-0.14210083,0.5934339
-7.682114,-0.14210083,0.5934339
-7.682114,-0.14210083,0.5934339
-7.637756,-0.1439634,0.657048
-7.6256614,-0.1440931,0.6745385
-7.6256614,-0.1440931,0.6745385
-7.6138,-0.14479125,0.6936113
-7.6004786,-0.14530158,0.7124725
-7.6004786,-0.14530158,0.7124725
-7.584498,-0.14591283,0.7357616
-7.584498,-0.14591283,0.7357616
-7.584498,-0.14591283,0.7357616
-7.57175,-0.14576556,0.7532108
-7.57175,-0.14576556,0.7532108
-7.57175,-0.14576556,0.7532108
-7.57175,-0.14576556,0.7532108
-7.57175,-0.14576556,0.7532108
-7.541635,-0.14654255,0.79207015
-7.541635,-0.14654255,0.79207015
-7.541635,-0.14654255,0.79207015
-7.524481,-0.14672138,0.8141828
-7.524481,-0.14672138,0.8141828
-7.5201735,-0.14679267,0.81993765
-7.5201735,-0.14679267,0.81993765
-7.5026875,-0.14682472,0.8422981
-7.5026875,-0.14682472,0.8422981
-7.4791784,-0.14697337,0.87080544
-7.473824,-0.14688922,0.8767224
-7.473824,-0.14688922,0.8767224
-7.473824,-0.14688922,0.8767224
-7.473824,-0.14688922,0.8767224
-7.446825,-0.14592946,0.9064646
-7.446825,-0.14592946,0.9064646
-7.436173,-0.14536011,0.918175
-7.436173,-0.14536011,0.918175
-7.4198985,-0.1455363,0.9364943
-7.4198985,-0.1455363,0.9364943
-7.3991218,-0.14514966,0.95884484
-7.3991218,-0.14514966,0.95884484
-7.3991218,-0.14514966,0.95884484
-7.3991218,-0.14514966,0.95884484
-7.3991218,-0.14514966,0.95884484
-7.3991218,-0.14514966,0.95884484
-7.3336353,-0.14638269,1.0285449
-7.3336353,-0.14638269,1.0285449
-7.3174906,-0.14674896,1.0446458
-7.3174906,-0.14674896,1.0446458
-7.301297,-0.14692569,1.0615019
-7.301297,-0.14692569,1.0615019
-7.2805214,-0.14746565,1.0831345
-7.2805214,-0.14746565,1.0831345
-7.264387,-0.14745575,1.1004403
-7.264387,-0.14745575,1.1004403
-7.264387,-0.14745575,1.1004403
-7.264387,-0.14745575,1.1004403
-7.264387,-0.14745575,1.1004403
-7.210257,-0.1478687,1.1558784
-7.210257,-0.1478687,1.1558784
-7.196588,-0.14944996,1.1707104
-7.196588,-0.14944996,1.1707104
-7.182987,-0.15029854,1.1868949
-7.182987,-0.15029854,1.1868949
-7.1618752,-0.15137172,1.2141113
-7.1518025,-0.15152706,1.2258598
-7.1518025,-0.15152706,1.2258598
-7.133524,-0.15030108,1.2460973
-7.1237597,-0.1504075,1.2583034
-7.1237597,-0.1504075,1.2583034
-7.1111455,-0.15112956,1.2725105
-7.1111455,-0.15112956,1.2725105
-7.1111455,-0.15112956,1.2725105
-7.0785756,-0.15235402,1.3100771
-7.0785756,-0.15235402,1.3100771
-7.0785756,-0.15235402,1.3100771
-7.0785756,-0.15235402,1.3100771
-7.0785756,-0.15235402,1.3100771
-7.0785756,-0.15235402,1.3100771
-7.0785756,-0.15235402,1.3100771
-7.0785756,-0.15235402,1.3100771
-7.0785756,-0.15235402,1.3100771
-7.0221763,-0.15314251,1.3785009
-7.0221763,-0.15314251,1.3785009
-6.5628624,-0.13732392,1.611243
-6.3517337,-0.13027844,1.7208586
-6.3517337,-0.13027844,1.7208586
-6.3307014,-0.1292548,1.7379928
-6.3307014,-0.1292548,1.7379928
-6.315348,-0.12878878,1.7532995
-6.315348,-0.12878878,1.7532995
-6.315348,-0.12878878,1.7532995
-6.315348,-0.12878878,1.7532995
-6.315348,-0.12878878,1.7532995
-6.3865223,-0.12895562,1.775866
-6.3769765,-0.1312745,1.7976482
-6.3769765,-0.1312745,1.7976482
-6.3583446,-0.1320104,1.8210101
-6.3583446,-0.1320104,1.8210101
-6.3564878,-0.13306448,1.8249784
-6.3582497,-0.13484007,1.8268776
-6.3582497,-0.13484007,1.8268776
-6.3582497,-0.13484007,1.8268776
-6.3582497,-0.13484007,1.8268776
-6.3582497,-0.13484007,1.8268776
-6.365319,-0.13779607,1.8209202
-6.365319,-0.13779607,1.8209202
-6.365319,-0.13779607,1.8209202
-6.3762584,-0.1380167,1.8128633
-6.3762584,-0.1380167,1.8128633
-6.372048,-0.13797922,1.8155832
-6.372048,-0.13797922,1.8155832
-6.3591795,-0.13758986,1.8205507
-6.3591795,-0.13758986,1.8205507
-6.3591795,-0.13758986,1.8205507
-6.3591795,-0.13758986,1.8205507
-6.3591795,-0.13758986,1.8205507
-6.3591795,-0.13758986,1.8205507
-6.310161,-0.13447799,1.8398308
-6.288331,-0.13377361,1.8488839
-6.288331,-0.13377361,1.8488839
-6.2710285,-0.13333742,1.8569841
-6.2710285,-0.13333742,1.8569841
-6.2566905,-0.13274987,1.86434
-6.2566905,-0.13274987,1.86434
-6.240529,-0.13243936,1.8750561
-6.2224326,-0.13132775,1.8843899
-6.2224326,-0.13132775,1.8843899
-6.2224326,-0.13132775,1.8843899
-6.2224326,-0.13132775,1.8843899
-6.2224326,-0.13132775,1.8843899
-6.1818657,-0.12978785,1.9039845
-6.16298,-0.12914206,1.9122177
-6.1531672,-0.12957422,1.9130044
-6.1531672,-0.12957422,1.9130044
-6.129151,-0.12862155,1.9227257
-6.129151,-0.12862155,1.9227257
-6.129151,-0.12862155,1.9227257
-6.1148567,-0.12813887,1.926413
-6.0962048,-0.12865973,1.931423
-6.0852733,-0.12817404,1.9344015
-6.0852733,-0.12817404,1.9344015
-6.065826,-0.12809879,1.9384813
-6.065826,-0.12809879,1.9384813
-6.0478745,-0.12748604,1.9434327
-6.0478745,-0.12748604,1.9434327
-6.0478745,-0.12748604,1.9434327
-6.0478745,-0.12748604,1.9434327
-6.0478745,-0.12748604,1.9434327
-6.0478745,-0.12748604,1.9434327
-6.0478745,-0.12748604,1.9434327
-6.0478745,-0.12748604,1.9434327
-5.984881,-0.12576747,1.970808
-5.9808397,-0.1256769,1.9744875
-5.9808397,-0.1256769,1.9744875
-5.9685435,-0.12512036,1.9849066
-5.9685435,-0.12512036,1.9849066
-5.9510503,-0.1258212,1.9958858
-5.940444,-0.1255694,2.00053
-5.940444,-0.1255694,2.00053
-5.9183364,-0.1250381,2.0087574
-5.9183364,-0.1250381,2.0087574
-5.9183364,-0.1250381,2.0087574
-5.9183364,-0.1250381,2.0087574
-5.9183364,-0.1250381,2.0087574
-5.9183364,-0.1250381,2.0087574
-5.9183364,-0.1250381,2.0087574
-5.9183364,-0.1250381,2.0087574
-5.9183364,-0.1250381,2.0087574
-5.855123,-0.12417972,2.0236983
-5.842872,-0.12389701,2.0238059
-5.842872,-0.12389701,2.0238059
-5.842872,-0.12389701,2.0238059
-5.818222,-0.12229872,2.0272055
-5.8066287,-0.12185663,2.0294251
-5.8066287,-0.12185663,2.0294251
-5.780583,-0.12079539,2.0350795
-5.7632303,-0.12016572,2.0380828
-5.7632303,-0.12016572,2.0380828
-5.742268,-0.12019189,2.0417564
-5.7253156,-0.11966956,2.0444822
-5.7253156,-0.11966956,2.0444822
-5.7253156,-0.11966956,2.0444822
-5.704499,-0.11970216,2.048087
-5.688797,-0.11879119,2.0508294
-5.688797,-0.11879119,2.0508294
-5.688797,-0.11879119,2.0508294
-5.688797,-0.11879119,2.0508294
-5.688797,-0.11879119,2.0508294
-5.688797,-0.11879119,2.0508294
-5.612658,-0.117030405,2.077513
-5.612658,-0.117030405,2.077513
-5.590603,-0.11608423,2.0842454
-5.590603,-0.11608423,2.0842454
-5.590603,-0.11608423,2.0842454
-5.5477247,-0.11398574,2.0976484
-5.5477247,-0.11398574,2.0976484
-5.529465,-0.11357718,2.1045306
-5.529465,-0.11357718,2.1045306
-5.529465,-0.11357718,2.1045306
-5.529465,-0.11357718,2.1045306
-5.529465,-0.11357718,2.1045306
-5.529465,-0.11357718,2.1045306
-5.529465,-0.11357718,2.1045306
-5.459107,-0.112406455,2.1240551
-5.438869,-0.112151876,2.12958
-5.4191585,-0.11194127,2.136316
-5.4191585,-0.11194127,2.136316
-5.399854,-0.111316346,2.142915
-5.399854,-0.111316346,2.142915
-5.37869,-0.11116584,2.148961
-5.37869,-0.11116584,2.148961
-5.37869,-0.11116584,2.148961
-5.37869,-0.11116584,2.148961
-5.37869,-0.11116584,2.148961
-5.3321304,-0.11040436,2.1632352
-5.3121953,-0.11088756,2.1665473
-5.3121953,-0.11088756,2.1665473
-5.3121953,-0.11088756,2.1665473
-5.2811174,-0.11043354,2.1716459
-5.2811174,-0.11043354,2.1716459
-5.2811174,-0.11043354,2.1716459
-5.2811174,-0.11043354,2.1716459
-5.2811174,-0.11043354,2.1716459
-5.2811174,-0.11043354,2.1716459
-5.218784,-0.11297765,2.183269
-5.218784,-0.11297765,2.183269
-5.202354,-0.11168814,2.1854405
-5.202354,-0.11168814,2.1854405
-5.185775,-0.11132246,2.188994
-5.185775,-0.11132246,2.188994
-5.163997,-0.11073056,2.192552
-5.152998,-0.110500395,2.1952336
-5.152998,-0.110500395,2.1952336
-5.1361246,-0.11041996,2.199877
-5.119251,-0.10959154,2.2043104
-5.119251,-0.10959154,2.2043104
-5.119251,-0.10959154,2.2043104
-5.0822916,-0.10822394,2.2150624
-5.0822916,-0.10822394,2.2150624
-5.0588984,-0.10759231,2.2215931
-5.0588984,-0.10759231,2.2215931
-5.0588984,-0.10759231,2.2215931
-5.043067,-0.10695523,2.2276313
-5.043067,-0.10695523,2.2276313
-5.0266895,-0.106063575,2.2325225
-5.0266895,-0.106063575,2.2325225
-5.0087895,-0.10550448,2.238523
-5.0087895,-0.10550448,2.238523
-4.9819,-0.10581067,2.2471266
-4.9819,-0.10581067,2.2471266
-4.964535,-0.10639467,2.2525423
-4.9469295,-0.10609785,2.2585409
-4.9469295,-0.10609785,2.2585409
-4.926204,-0.10533869,2.263976
-4.926204,-0.10533869,2.263976
-4.926204,-0.10533869,2.263976
-4.926204,-0.10533869,2.263976
-4.926204,-0.10533869,2.263976
-4.926204,-0.10533869,2.263976
-4.926204,-0.10533869,2.263976
-4.926204,-0.10533869,2.263976
-4.926204,-0.10533869,2.263976
-4.840374,-0.106817216,2.2877095
-4.828562,-0.10637626,2.2900717
-4.828562,-0.10637626,2.2900717
-4.828562,-0.10637626,2.2900717
-4.7917624,-0.10582048,2.2958686
-4.7917624,-0.10582048,2.2958686
-4.7687173,-0.106108025,2.301569
-4.7687173,-0.106108025,2.301569
-4.7687173,-0.106108025,2.301569
-4.75121,-0.105890274,2.305996
-4.75121,-0.105890274,2.305996
-4.75121,-0.105890274,2.305996
-4.75121,-0.105890274,2.305996
-4.75121,-0.105890274,2.305996
-4.75121,-0.105890274,2.305996
-4.75121,-0.105890274,2.305996
-4.75121,-0.105890274,2.305996
-4.75121,-0.105890274,2.305996
-4.6931076,-0.10388169,2.3167808
-4.6710563,-0.10300525,2.3202438
-4.6710563,-0.10300525,2.3202438
-4.6710563,-0.10300525,2.3202438
-4.6519494,-0.10255042,2.3230958
-4.6519494,-0.10255042,2.3230958
-4.6306653,-0.10206714,2.3251393
-4.6306653,-0.10206714,2.3251393
-4.612532,-0.10168302,2.3264132
-4.5844655,-0.10032492,2.3280156
-4.5844655,-0.10032492,2.3280156
-4.565368,-0.09981385,2.3293002
-4.565368,-0.09981385,2.3293002
-4.5381465,-0.098828584,2.3299987
-4.5381465,-0.098828584,2.3299987
-4.5204334,-0.09826076,2.3305407
-4.5204334,-0.09826076,2.3305407
-4.5204334,-0.09826076,2.3305407
-4.5204334,-0.09826076,2.3305407
-4.5204334,-0.09826076,2.3305407
-4.5204334,-0.09826076,2.3305407
-4.4563484,-0.09655854,2.327674
-4.430338,-0.09422537,2.3231602
-4.430338,-0.09422537,2.3231602
-4.406571,-0.09307437,2.3199737
-4.406571,-0.09307437,2.3199737
-4.3889284,-0.09170011,2.3169942
-4.3889284,-0.09170011,2.3169942
-4.3889284,-0.09170011,2.3169942
-4.371963,-0.0910748,2.3141308
-4.371963,-0.0910748,2.3141308
-4.3537555,-0.09159901,2.311009
-4.3537555,-0.09159901,2.311009
-4.3537555,-0.09159901,2.311009
-4.3537555,-0.09159901,2.311009
-4.310022,-0.09131922,2.3046136
-4.289368,-0.091768466,2.303773
-4.289368,-0.091768466,2.303773
-4.2726474,-0.091393076,2.3031993
-4.252673,-0.091853134,2.301044
-4.252673,-0.091853134,2.301044
-4.252673,-0.091853134,2.301044
-4.2299743,-0.09196982,2.2948658
-4.2299743,-0.09196982,2.2948658
-4.2132196,-0.09178641,2.2897747
-4.2132196,-0.09178641,2.2897747
-4.1950135,-0.09172235,2.2841346
-4.1950135,-0.09172235,2.2841346
-4.172326,-0.09160951,2.2759914
-4.172326,-0.09160951,2.2759914
-4.1019835,-0.073397845,1.9547431
-4.1019835,-0.073397845,1.9547431
-4.1019835,-0.073397845,1.9547431
-4.1019835,-0.073397845,1.9547431
-4.1019835,-0.073397845,1.9547431
-4.1019835,-0.073397845,1.9547431
-4.1019835,-0.073397845,1.9547431
-4.1019835,-0.073397845,1.9547431
-4.0433707,-0.0693567,1.93492
-4.027714,-0.06884749,1.9302883
-4.027714,-0.06884749,1.9302883
-4.027714,-0.06884749,1.9302883
-4.0118484,-0.068295054,1.9266866
-4.0118484,-0.068295054,1.9266866
-3.9959743,-0.06782514,1.9226117
-3.9785388,-0.066106796,1.9186077
-3.9785388,-0.066106796,1.9186077
-3.9613879,-0.06534034,1.9140875
-3.9613879,-0.06534034,1.9140875
-3.9613879,-0.06534034,1.9140875
-3.9613879,-0.06534034,1.9140875
-3.9613879,-0.06534034,1.9140875
-3.9613879,-0.06534034,1.9140875
-3.9143646,-0.061354667,1.9089367
-3.9143646,-0.061354667,1.9089367
-3.9143646,-0.061354667,1.9089367
-3.896835,-0.060624026,1.9066966
-3.896835,-0.060624026,1.9066966
-3.896835,-0.060624026,1.9066966
-3.8758552,-0.058641255,1.9042976
-3.8758552,-0.058641255,1.9042976
-3.8758552,-0.058641255,1.9042976
-3.849953,-0.057378244,1.8984928
-3.844381,-0.05708289,1.8975017
-3.844381,-0.05708289,1.8975017
-3.844381,-0.05708289,1.8975017
-3.844381,-0.05708289,1.8975017
-3.8090074,-0.055272847,1.8873904
-3.7923317,-0.054337732,1.8820797
-3.7923317,-0.054337732,1.8820797
-3.7923317,-0.054337732,1.8820797
-3.8267953,-0.07093965,2.157825
-3.8267953,-0.07093965,2.157825
-3.8267953,-0.07093965,2.157825
-3.8267953,-0.07093965,2.157825
-3.8267953,-0.07093965,2.157825
-3.8267953,-0.07093965,2.157825
-3.8267953,-0.07093965,2.157825
-3.8267953,-0.07093965,2.157825
-3.7705712,-0.06831163,2.1253011
-3.7705712,-0.06831163,2.1253011
-3.7705712,-0.06831163,2.1253011
-3.7589748,-0.06852272,2.1172361
-3.7589748,-0.06852272,2.1172361
-3.743415,-0.0676917,2.1094182
-3.743415,-0.0676917,2.1094182
-3.7333307,-0.06604415,2.1013303
-3.7186983,-0.06506632,2.0940025
-3.7186983,-0.06506632,2.0940025
-3.6986651,-0.065130495,2.080351
-3.6986651,-0.065130495,2.080351
-3.6986651,-0.065130495,2.080351
-3.6986651,-0.065130495,2.080351
-3.6986651,-0.065130495,2.080351
-3.6986651,-0.065130495,2.080351
-3.648614,-0.062392168,2.0591733
-3.648614,-0.062392168,2.0591733
-3.6317813,-0.060831834,2.052476
-3.6174304,-0.058149777,2.052534
-3.6174304,-0.058149777,2.052534
-3.6050315,-0.05764419,2.046266
-3.6050315,-0.05764419,2.046266
-3.5906692,-0.057012588,2.040668
-3.5746999,-0.055362694,2.03553
-3.5746999,-0.055362694,2.03553
-3.558034,-0.055565983,2.02475
-3.558034,-0.055565983,2.02475
-3.5421925,-0.057834826,2.01154
-3.5421925,-0.057834826,2.01154
-3.522176,-0.05327204,1.9959266
-3.522176,-0.05327204,1.9959266
-3.522176,-0.05327204,1.9959266
-3.522176,-0.05327204,1.9959266
-3.522176,-0.05327204,1.9959266
-3.522176,-0.05327204,1.9959266
-3.522176,-0.05327204,1.9959266
-3.522176,-0.05327204,1.9959266
-3.4611816,-0.05603578,1.9721131
-3.4466085,-0.0573152,1.9689631
-3.4466085,-0.0573152,1.9689631
-3.4466085,-0.0573152,1.9689631
-3.4466085,-0.0573152,1.9689631
-3.4059253,-0.054403562,1.9496782
-3.388541,-0.053266197,1.9417329
-3.388541,-0.053266197,1.9417329
-3.37086,-0.05316829,1.9320598
-3.37086,-0.05316829,1.9320598
-3.37086,-0.05316829,1.9320598
-3.37086,-0.05316829,1.9320598
-3.37086,-0.05316829,1.9320598
-3.3306093,-0.05261935,1.9132264
-3.3136702,-0.052194916,1.9067602
-3.3136702,-0.052194916,1.9067602
-3.2910357,-0.05106473,1.8974833
-3.2910357,-0.05106473,1.8974833
-3.2750113,-0.050316922,1.8898649
-3.257957,-0.04981182,1.8786308
-3.257957,-0.04981182,1.8786308
-3.2367558,-0.049148344,1.869295
-3.2190638,-0.0516375,1.8640814
-3.2190638,-0.0516375,1.8640814
-3.2009997,-0.051452577,1.8599632
-3.2009997,-0.051452577,1.8599632
-3.1840355,-0.053250104,1.8502867
-3.1671813,-0.052734327,1.8410499
-3.1671813,-0.052734327,1.8410499
-3.1671813,-0.052734327,1.8410499
-3.1671813,-0.052734327,1.8410499
-3.1671813,-0.052734327,1.8410499
-3.1671813,-0.052734327,1.8410499
-3.1671813,-0.052734327,1.8410499
-3.1671813,-0.052734327,1.8410499
-3.1671813,-0.052734327,1.8410499
-3.0929935,-0.04906593,1.807425
-3.0814328,-0.04834509,1.8049496
-3.0814328,-0.04834509,1.8049496
-3.0642831,-0.048214756,1.79976
-3.0642831,-0.048214756,1.79976
-3.040814,-0.047602963,1.7933341
-3.0314128,-0.047985166,1.7898219
-3.0314128,-0.047985166,1.7898219
-3.0314128,-0.047985166,1.7898219
-3.009291,-0.047537647,1.7833556
-3.009291,-0.047537647,1.7833556
-3.009291,-0.047537647,1.7833556
-3.009291,-0.047537647,1.7833556
-3.009291,-0.047537647,1.7833556
-2.9792433,-0.04557532,1.7716203
-2.9792433,-0.04557532,1.7716203
-2.9608414,-0.044098787,1.7611353
-2.9608414,-0.044098787,1.7611353
-2.9608414,-0.044098787,1.7611353
-2.9397073,-0.044171125,1.7524891
-2.9294786,-0.044239342,1.7484491
-2.9294786,-0.044239342,1.7484491
-2.9076638,-0.042570107,1.7407836
-2.9076638,-0.042570107,1.7407836
-2.9076638,-0.042570107,1.7407836
-2.8913314,-0.041248947,1.735167
-2.8913314,-0.041248947,1.735167
-2.8762975,-0.04079333,1.7294986
-2.8540223,-0.039902512,1.7221897
-2.8540223,-0.039902512,1.7221897
-2.8540223,-0.039902512,1.7221897
-2.834177,-0.03878203,1.7149692
-2.834177,-0.03878203,1.7149692
-2.834177,-0.03878203,1.7149692
-2.834177,-0.03878203,1.7149692
-2.834177,-0.03878203,1.7149692
-2.834177,-0.03878203,1.7149692
-2.834177,-0.03878203,1.7149692
-2.7690582,-0.033625733,1.6991407
-2.7573946,-0.03285575,1.6978796
-2.7573946,-0.03285575,1.6978796
-2.738572,-0.03241083,1.6981637
-2.722095,-0.031320274,1.6993883
-2.722095,-0.031320274,1.6993883
-2.7119904,-0.031363837,1.7015587
-2.6961274,-0.030230423,1.7028044
-2.6961274,-0.030230423,1.7028044
-2.6961274,-0.030230423,1.7028044
-2.6961274,-0.030230423,1.7028044
-2.6666086,-0.031755358,1.7112291
-2.6666086,-0.031755358,1.7112291
-2.6517613,-0.03159055,1.7169027
-2.6415324,-0.031135695,1.719859
-2.6415324,-0.031135695,1.719859
-2.6315446,-0.032051176,1.7248049
-2.6315446,-0.032051176,1.7248049
-2.6140103,-0.031577557,1.7314745
-2.6079352,-0.032228827,1.7341499
-2.6079352,-0.032228827,1.7341499
-2.6079352,-0.032228827,1.7341499
-2.5881946,-0.032526493,1.7398977
-2.583285,-0.032497674,1.7412994
-2.5677843,-0.032167733,1.7432265
-2.5677843,-0.032167733,1.7432265
-2.549609,-0.031860292,1.7448981
-2.549609,-0.031860292,1.7448981
-2.549609,-0.031860292,1.7448981
-2.549609,-0.031860292,1.7448981
-2.549609,-0.031860292,1.7448981
-2.549609,-0.031860292,1.7448981
-2.4879909,-0.03283125,1.7555656
-2.4879909,-0.03283125,1.7555656
-2.4716845,-0.033228934,1.7561417
-2.453743,-0.032814443,1.7556993
-2.453743,-0.032814443,1.7556993
-2.453743,-0.032814443,1.7556993
-2.4253707,-0.032325476,1.7474539
-2.4188356,-0.032185227,1.745491
-2.4188356,-0.032185227,1.745491
-2.3976934,-0.030554026,1.7372524
-2.3976934,-0.030554026,1.7372524
-2.3976934,-0.030554026,1.7372524
-2.3976934,-0.030554026,1.7372524
-2.3976934,-0.030554026,1.7372524
-2.3593297,-0.028708538,1.7240024
-2.3478715,-0.027935207,1.7206895
-2.3319974,-0.02735378,1.7148012
-2.3319974,-0.02735378,1.7148012
-2.3158455,-0.026434856,1.7093854
-2.3158455,-0.026434856,1.7093854
-2.29568,-0.02560696,1.7004869
-2.29568,-0.02560696,1.7004869
-2.29568,-0.02560696,1.7004869
-2.262653,-0.023471236,1.6873713
-2.262653,-0.023471236,1.6873713
-2.243233,-0.02160876,1.6836277
-2.243233,-0.02160876,1.6836277
-2.226006,-0.020939887,1.6822219
-2.226006,-0.020939887,1.6822219
-2.226006,-0.020939887,1.6822219
-2.226006,-0.020939887,1.6822219
-2.1974032,-0.018871754,1.6798792
-2.1974032,-0.018871754,1.6798792
-2.1974032,-0.018871754,1.6798792
-2.1974032,-0.018871754,1.6798792
-2.1974032,-0.018871754,1.6798792
-2.1974032,-0.018871754,1.6798792
-2.1332943,-0.016779989,1.6589528
-2.1189258,-0.016332805,1.6557252
-2.1189258,-0.016332805,1.6557252
-2.1189258,-0.016332805,1.6557252
-2.0962977,-0.015805854,1.6529056
-2.085293,-0.015370339,1.6517725
-2.0681655,-0.014670134,1.6496463
-2.0681655,-0.014670134,1.6496463
-2.0447104,-0.015178672,1.6478893
-2.0447104,-0.015178672,1.6478893
-2.0447104,-0.015178672,1.6478893
-2.0447104,-0.015178672,1.6478893
-2.0109134,-0.014608175,1.6428964
-2.0109134,-0.014608175,1.6428964
-1.994281,-0.013874084,1.6363509
-1.994281,-0.013874084,1.6363509
-1.9797161,-0.014746755,1.630177
-1.9797161,-0.014746755,1.630177
-1.9573202,-0.014471799,1.6239579
-1.9423366,-0.014016509,1.6176777
-1.9423366,-0.014016509,1.6176777
-1.9272256,-0.0134831965,1.6097203
-1.9272256,-0.0134831965,1.6097203
-1.9148595,-0.013295523,1.6009791
-1.9006903,-0.0127789,1.591812
-1.9006903,-0.0127789,1.591812
-1.8864285,-0.012688522,1.5830114
-1.8864285,-0.012688522,1.5830114
-1.8728247,-0.011768103,1.5738385
-1.8728247,-0.011768103,1.5738385
-1.8728247,-0.011768103,1.5738385
-1.8728247,-0.011768103,1.5738385
-1.8728247,-0.011768103,1.5738385
-1.8254063,-0.008881501,1.539537
-1.816448,-0.0082777655,1.5326743
-1.816448,-0.0082777655,1.5326743
-1.8002734,-0.006732149,1.519136
-1.7903022,-0.005866885,1.5107616
-1.7903022,-0.005866885,1.5107616
-1.7903022,-0.005866885,1.5107616
-1.7787236,-0.0047875643,1.500597
-1.7668784,-0.0036956882,1.4896086
-1.7668784,-0.0036956882,1.4896086
-1.7584163,-0.003919482,1.4808397
-1.7584163,-0.003919482,1.4808397
-1.7584163,-0.003919482,1.4808397
-1.7584163,-0.003919482,1.4808397
-1.7410864,-0.002623409,1.4600751
-1.7334126,-0.0025879145,1.4519649
-1.7334126,-0.0025879145,1.4519649
-1.7200454,-0.0012732148,1.43649
-1.7200454,-0.0012732148,1.43649
-1.7147626,-0.00128021,1.4292035
-1.7147626,-0.00128021,1.4292035
-1.7147626,-0.00128021,1.4292035
-1.7044059,-0.00081557035,1.4156556
-1.7044059,-0.00081557035,1.4156556
-1.6968062,-0.00012329221,1.404004
-1.6870965,0.00059052004,1.3916993
-1.6870965,0.00059052004,1.3916993
-1.681156,0.00084125996,1.3809524
-1.681156,0.00084125996,1.3809524
-1.681156,0.00084125996,1.3809524
-1.681156,0.00084125996,1.3809524
-1.681156,0.00084125996,1.3809524
-1.681156,0.00084125996,1.3809524
-1.681156,0.00084125996,1.3809524
-1.681156,0.00084125996,1.3809524
-1.681156,0.00084125996,1.3809524
-1.681156,0.00084125996,1.3809524
-1.6303792,0.002824366,1.3107138
-1.6249954,0.0031196857,1.3007984
-1.6173153,0.0030143345,1.2857634
-1.6173153,0.0030143345,1.2857634
-1.6104785,0.003882029,1.2714868
-1.602294,0.0027282918,1.2549237
-1.602294,0.0027282918,1.2549237
-1.602294,0.0027282918,1.2549237
-1.5930083,0.0032743514,1.2340839
-1.5930083,0.0032743514,1.2340839
-1.5930083,0.0032743514,1.2340839
-1.5930083,0.0032743514,1.2340839
-1.5930083,0.0032743514,1.2340839
-1.5930083,0.0032743514,1.2340839
-1.5930083,0.0032743514,1.2340839
-1.5669204,0.0054691136,1.1766987
-1.5669204,0.0054691136,1.1766987
-1.5605571,0.00631243,1.1597146
-1.5605571,0.00631243,1.1597146
-1.5605571,0.00631243,1.1597146
-1.5503013,0.0075148214,1.1317612
-1.5503013,0.0075148214,1.1317612
-1.5375233,0.008376032,1.0976242
-1.5347788,0.008689284,1.0906135
-1.5347788,0.008689284,1.0906135
-1.5225304,0.009734818,1.0556582
-1.521158,0.009956317,1.0498086
-1.521158,0.009956317,1.0498086
-1.5145075,0.010757118,1.0249892
-1.5145075,0.010757118,1.0249892
-1.5145075,0.010757118,1.0249892
-1.5145075,0.010757118,1.0249892
-1.5072943,0.0117920805,0.9923637
-1.5072943,0.0117920805,0.9923637
-1.5072943,0.0117920805,0.9923637
-1.5072943,0.0117920805,0.9923637
-1.5072943,0.0117920805,0.9923637
-1.5072943,0.0117920805,0.9923637
-1.5072943,0.0117920805,0.9923637
-1.5072943,0.0117920805,0.9923637
-1.4877872,0.015405961,0.9186999
-1.4787705,0.01624556,0.9004609
-1.4680744,0.0157246,0.8818159
-1.4680744,0.0157246,0.8818159
-1.4542189,0.016798764,0.857303
-1.4542189,0.016798764,0.857303
-1.4442854,0.017565021,0.8381645
-1.4442854,0.017565021,0.8381645
-1.4442854,0.017565021,0.8381645
-1.4352107,0.017807225,0.81941557
-1.4352107,0.017807225,0.81941557
-1.4352107,0.017807225,0.81941557
-1.4352107,0.017807225,0.81941557
-1.4352107,0.017807225,0.81941557
-1.4092336,0.018550912,0.7688859
-1.405129,0.018728027,0.7627106
-1.405129,0.018728027,0.7627106
-1.390748,0.020405233,0.73948324
-1.390748,0.020405233,0.73948324
-1.390748,0.020405233,0.73948324
-1.379455,0.021422425,0.7213493
-1.379455,0.021422425,0.7213493
-1.3633082,0.022528956,0.6978549
-1.3528106,0.022167891,0.68136376
-1.3528106,0.022167891,0.68136376
-1.3401093,0.02265945,0.6644944
-1.327949,0.023521185,0.6477137
-1.327949,0.023521185,0.6477137
-1.3114395,0.024442077,0.62671244
-1.3114395,0.024442077,0.62671244
-1.3026618,0.024635017,0.61239344
-1.3026618,0.024635017,0.61239344
-1.3026618,0.024635017,0.61239344
-1.3026618,0.024635017,0.61239344
-1.3026618,0.024635017,0.61239344
-1.3026618,0.024635017,0.61239344
-1.2495571,0.026771426,0.5486921
-1.2495571,0.026771426,0.5486921
-1.2348183,0.027173826,0.5329541
-1.2348183,0.027173826,0.5329541
-1.2130275,0.027491719,0.50862503
-1.2042153,0.0276964,0.4984247
-1.2042153,0.0276964,0.4984247
-1.1912043,0.027674714,0.48658594
-1.1912043,0.027674714,0.48658594
-1.1912043,0.027674714,0.48658594
-1.1912043,0.027674714,0.48658594
-1.1912043,0.027674714,0.48658594
-1.1481575,0.028437644,0.44287166
-1.1307443,0.029326111,0.42352253
-1.1307443,0.029326111,0.42352253
