-1.0603673,0.03970875,0.25356537
-1.0603673,0.03970875,0.25356537
-1.0603673,0.03970875,0.25356537
-1.0603673,0.03970875,0.25356537
-1.0603812,0.039713718,0.25353515
-1.0603812,0.039713718,0.25353515
-1.0603812,0.039713718,0.25353515
-1.0603812,0.039713718,0.25353515
-1.060287,0.039706923,0.25349647
-1.060246,0.03970176,0.25344646
-1.060246,0.03970176,0.25344646
-1.0601952,0.039726406,0.25345677
-1.0601952,0.039726406,0.25345677
-1.0601952,0.039726406,0.25345677
-1.0601244,0.039725274,0.25338215
-1.0601244,0.039725274,0.25338215
-1.0600579,0.039700925,0.25340933
-1.0600579,0.039700925,0.25340933
-1.0600579,0.039700925,0.25340933
-1.057159,0.039768293,0.2495562
-1.057159,0.039768293,0.2495562
-1.0521668,0.04010547,0.24250555
-1.0521668,0.04010547,0.24250555
-1.0450171,0.040393896,0.23246521
-1.0450171,0.040393896,0.23246521
-1.0450171,0.040393896,0.23246521
-1.0450171,0.040393896,0.23246521
-1.0336084,0.040814996,0.21710593
-1.0336084,0.040814996,0.21710593
-1.0336084,0.040814996,0.21710593
-1.0336084,0.040814996,0.21710593
-1.0336084,0.040814996,0.21710593
-1.0336084,0.040814996,0.21710593
-1.0336084,0.040814996,0.21710593
-1.0336084,0.040814996,0.21710593
-0.98754954,0.04294435,0.15632224
-0.97362375,0.043835863,0.13987364
-0.97362375,0.043835863,0.13987364
-0.96046305,0.044413336,0.12365598
-0.94667685,0.044733018,0.10660428
-0.94667685,0.044733018,0.10660428
-0.93374205,0.0452971,0.08908452
-0.9145361,0.045802087,0.06474018
-0.9145361,0.045802087,0.06474018
-0.9145361,0.045802087,0.06474018
-0.9145361,0.045802087,0.06474018
-0.9145361,0.045802087,0.06474018
-0.8763286,0.046988197,0.01699651
-0.8722596,0.047321,0.010394938
-0.8722596,0.047321,0.010394938
-0.8722596,0.047321,0.010394938
-0.86068356,0.04774064,-0.009385467
-0.86068356,0.04774064,-0.009385467
-0.86068356,0.04774064,-0.009385467
-0.86068356,0.04774064,-0.009385467
-0.83921814,0.04870303,-0.040827855
-0.83921814,0.04870303,-0.040827855
-0.83097565,0.049021006,-0.05256909
-0.83097565,0.049021006,-0.05256909
-0.83097565,0.049021006,-0.05256909
-0.81602776,0.04994932,-0.077236295
-0.81602776,0.04994932,-0.077236295
-0.81602776,0.04994932,-0.077236295
-0.8003164,0.050928578,-0.10260512
-0.8003164,0.050928578,-0.10260512
-0.79760337,0.051086165,-0.10857212
-0.79760337,0.051086165,-0.10857212
-0.78650594,0.051721603,-0.12710416
-0.78650594,0.051721603,-0.12710416
-0.78650594,0.051721603,-0.12710416
-0.78650594,0.051721603,-0.12710416
-0.7696109,0.052999347,-0.15447533
-0.7696109,0.052999347,-0.15447533
-0.7696109,0.052999347,-0.15447533
-0.7696109,0.052999347,-0.15447533
-0.7696109,0.052999347,-0.15447533
-0.7696109,0.052999347,-0.15447533
-0.7696109,0.052999347,-0.15447533
-0.7696109,0.052999347,-0.15447533
-0.72642446,0.05559975,-0.22501028
-0.7155151,0.056252666,-0.24239737
-0.7155151,0.056252666,-0.24239737
-0.70526457,0.0569489,-0.26049173
-0.70526457,0.0569489,-0.26049173
-0.70526457,0.0569489,-0.26049173
-0.70526457,0.0569489,-0.26049173
-0.69474393,0.057960995,-0.27842206
-0.68472415,0.0590773,-0.29463178
-0.68472415,0.0590773,-0.29463178
-0.67370874,0.05989925,-0.31276876
-0.67370874,0.05989925,-0.31276876
-0.67370874,0.05989925,-0.31276876
-0.67370874,0.05989925,-0.31276876
-0.67370874,0.05989925,-0.31276876
-0.67370874,0.05989925,-0.31276876
-0.67370874,0.05989925,-0.31276876
-0.6434139,0.061584935,-0.365
-0.63452345,0.062304087,-0.3802926
-0.63452345,0.062304087,-0.3802926
-0.63452345,0.062304087,-0.3802926
-0.6241149,0.062786266,-0.39747357
-0.6241149,0.062786266,-0.39747357
-0.6241149,0.062786266,-0.39747357
-0.6241149,0.062786266,-0.39747357
-0.6241149,0.062786266,-0.39747357
-0.6095989,0.063673675,-0.42292762
-0.6031847,0.06440724,-0.43440622
-0.6031847,0.06440724,-0.43440622
-0.5978584,0.06538671,-0.44514084
-0.5978584,0.06538671,-0.44514084
-0.5881055,0.06604536,-0.4614185
-0.5881055,0.06604536,-0.4614185
-0.5815072,0.06757149,-0.47200692
-0.5815072,0.06757149,-0.47200692
-0.5700916,0.068773545,-0.49285287
-0.5700916,0.068773545,-0.49285287
-0.5700916,0.068773545,-0.49285287
-0.5700916,0.068773545,-0.49285287
-0.5700916,0.068773545,-0.49285287
-0.5700916,0.068773545,-0.49285287
-0.54335123,0.0714118,-0.5359211
-0.54335123,0.0714118,-0.5359211
-0.5402893,0.071780704,-0.5413713
-0.5355526,0.071715176,-0.5511513
-0.5355526,0.071715176,-0.5511513
-0.5261786,0.07300785,-0.5698385
-0.5261786,0.07300785,-0.5698385
-0.5261786,0.07300785,-0.5698385
-0.5183481,0.07380153,-0.5844159
-0.5183481,0.07380153,-0.5844159
-0.5183481,0.07380153,-0.5844159
-0.5107952,0.07452242,-0.59585154
-0.5107952,0.07452242,-0.59585154
-0.5107952,0.07452242,-0.59585154
-0.5030173,0.07537097,-0.609673
-0.5030173,0.07537097,-0.609673
-0.5030173,0.07537097,-0.609673
-0.48760036,0.07660518,-0.6396566
-0.48760036,0.07660518,-0.6396566
-0.4750606,0.077671,-0.65790683
-0.4750606,0.077671,-0.65790683
-0.46621805,0.078440174,-0.6713189
-0.46621805,0.078440174,-0.6713189
-0.45338485,0.079799384,-0.69023275
-0.4463627,0.08035118,-0.7040078
-0.4463627,0.08035118,-0.7040078
-0.43816203,0.082065776,-0.71948564
-0.43816203,0.082065776,-0.71948564
-0.4326846,0.0843247,-0.7321861
-0.42214838,0.08476755,-0.7477186
-0.42214838,0.08476755,-0.7477186
-0.42214838,0.08476755,-0.7477186
-0.42214838,0.08476755,-0.7477186
-0.40691552,0.08613998,-0.77122176
-0.40691552,0.08613998,-0.77122176
-0.40691552,0.08613998,-0.77122176
-0.40691552,0.08613998,-0.77122176
-0.40691552,0.08613998,-0.77122176
-0.40691552,0.08613998,-0.77122176
-0.40691552,0.08613998,-0.77122176
-0.40691552,0.08613998,-0.77122176
-0.40691552,0.08613998,-0.77122176
-0.40691552,0.08613998,-0.77122176
-0.40691552,0.08613998,-0.77122176
-0.40691552,0.08613998,-0.77122176
-0.3744979,0.09011386,-0.8259549
-0.3718435,0.09029499,-0.8303318
-0.3718435,0.09029499,-0.8303318
-0.3606551,0.09115249,-0.8486135
-0.3606551,0.09115249,-0.8486135
-0.3606551,0.09115249,-0.8486135
-0.35210297,0.091288626,-0.86155045
-0.34262863,0.09203291,-0.87581635
-0.34262863,0.09203291,-0.87581635
-0.33418623,0.09238452,-0.88876474
-0.33418623,0.09238452,-0.88876474
-0.33418623,0.09238452,-0.88876474
-0.33418623,0.09238452,-0.88876474
-0.33418623,0.09238452,-0.88876474
-0.3135738,0.09413934,-0.93047595
-0.3110195,0.09431571,-0.9413831
-0.3110195,0.09431571,-0.9413831
-0.3056285,0.09447364,-0.9542057
-0.3056285,0.09447364,-0.9542057
-0.2949601,0.09452805,-0.97681034
-0.2949601,0.09452805,-0.97681034
-0.2949601,0.09452805,-0.97681034
-0.2852281,0.09473605,-0.99439555
-0.2852281,0.09473605,-0.99439555
-0.2775331,0.09482591,-1.0114833
-0.2775331,0.09482591,-1.0114833
-0.2775331,0.09482591,-1.0114833
-0.2775331,0.09482591,-1.0114833
-0.26414046,0.095196396,-1.0379732
-0.25995362,0.095476866,-1.0474356
-0.25995362,0.095476866,-1.0474356
-0.25995362,0.095476866,-1.0474356
-0.2526336,0.09632669,-1.0641471
-0.2526336,0.09632669,-1.0641471
-0.2526336,0.09632669,-1.0641471
-0.24264634,0.09697083,-1.0834525
-0.24264634,0.09697083,-1.0834525
-0.24264634,0.09697083,-1.0834525
-0.24264634,0.09697083,-1.0834525
-0.24264634,0.09697083,-1.0834525
-0.24264634,0.09697083,-1.0834525
-0.24264634,0.09697083,-1.0834525
-0.2084609,0.09969759,-1.1500525
-0.19996312,0.10067624,-1.1662979
-0.19996312,0.10067624,-1.1662979
-0.19996312,0.10067624,-1.1662979
-0.19002411,0.10120988,-1.1864872
-0.18145712,0.10165305,-1.2019675
-0.18145712,0.10165305,-1.2019675
-0.18145712,0.10165305,-1.2019675
-0.17409937,0.102072574,-1.2172861
-0.17409937,0.102072574,-1.2172861
-0.16752508,0.10204306,-1.2324581
-0.16752508,0.10204306,-1.2324581
-0.16752508,0.10204306,-1.2324581
-0.16752508,0.10204306,-1.2324581
-0.16752508,0.10204306,-1.2324581
-0.14865595,0.10178289,-1.2691221
-0.13974018,0.10065127,-1.2866654
-0.13974018,0.10065127,-1.2866654
-0.13974018,0.10065127,-1.2866654
-0.13216308,0.10102062,-1.3015238
-0.12178025,0.10178858,-1.3248224
-0.12178025,0.10178858,-1.3248224
-0.11161561,0.10279853,-1.3435245
-0.11161561,0.10279853,-1.3435245
-0.10248035,0.10363728,-1.3603129
-0.09003353,0.104970634,-1.3846252
-0.09003353,0.104970634,-1.3846252
-0.08292158,0.1056347,-1.3995752
-0.08292158,0.1056347,-1.3995752
-0.08292158,0.1056347,-1.3995752
-0.07131019,0.10728708,-1.4259028
-0.07131019,0.10728708,-1.4259028
-0.07131019,0.10728708,-1.4259028
-0.07131019,0.10728708,-1.4259028
-0.07131019,0.10728708,-1.4259028
-0.07131019,0.10728708,-1.4259028
-0.027101606,0.111771315,-1.4947875
-0.014457658,0.1125868,-1.5076315
-0.014457658,0.1125868,-1.5076315
-0.001337408,0.11399219,-1.5281262
0.008268578,0.114914194,-1.5432674
0.008268578,0.114914194,-1.5432674
0.020640567,0.11741215,-1.5661335
0.020640567,0.11741215,-1.5661335
0.030067429,0.11794999,-1.5828626
0.030067429,0.11794999,-1.5828626
0.030067429,0.11794999,-1.5828626
0.030067429,0.11794999,-1.5828626
0.051635504,0.11976806,-1.6195326
0.061285466,0.12034109,-1.6348469
0.061285466,0.12034109,-1.6348469
0.061285466,0.12034109,-1.6348469
0.07123427,0.1212804,-1.6517016
0.080638364,0.12206829,-1.668585
0.080638364,0.12206829,-1.668585
0.09390521,0.12349984,-1.695081
0.0966323,0.12367497,-1.7009597
0.10734092,0.12360945,-1.72422
0.10734092,0.12360945,-1.72422
0.11530864,0.12384567,-1.742202
0.11530864,0.12384567,-1.742202
0.123162866,0.1253364,-1.7607428
0.123162866,0.1253364,-1.7607428
0.13101053,0.1258477,-1.7787173
0.13101053,0.1258477,-1.7787173
0.13101053,0.1258477,-1.7787173
0.13101053,0.1258477,-1.7787173
0.13101053,0.1258477,-1.7787173
0.13101053,0.1258477,-1.7787173
0.16597632,0.1291637,-1.85869
0.1700754,0.12925598,-1.8696184
0.1700754,0.12925598,-1.8696184
0.1700754,0.12925598,-1.8696184
0.17601746,0.12936945,-1.8864934
0.17601746,0.12936945,-1.8864934
0.17601746,0.12936945,-1.8864934
0.18440256,0.13061269,-1.9066396
0.188263,0.13063838,-1.9170402
0.188263,0.13063838,-1.9170402
0.19382101,0.13249429,-1.9327909
0.19382101,0.13249429,-1.9327909
0.19382101,0.13249429,-1.9327909
0.19382101,0.13249429,-1.9327909
0.20501526,0.13254377,-1.9684255
0.20501526,0.13254377,-1.9684255
0.20501526,0.13254377,-1.9684255
0.20501526,0.13254377,-1.9684255
0.20501526,0.13254377,-1.9684255
0.21614839,0.13347505,-1.9980729
0.21614839,0.13347505,-1.9980729
0.22073469,0.13425326,-2.0132363
0.22073469,0.13425326,-2.0132363
0.22754417,0.13458596,-2.034359
0.22754417,0.13458596,-2.034359
0.23385128,0.13510796,-2.0522711
0.23385128,0.13510796,-2.0522711
0.2400577,0.13543509,-2.0678644
0.2400577,0.13543509,-2.0678644
0.2473913,0.13540076,-2.09103
0.25242707,0.13524732,-2.1081493
0.25242707,0.13524732,-2.1081493
0.25242707,0.13524732,-2.1081493
0.25242707,0.13524732,-2.1081493
0.25242707,0.13524732,-2.1081493
0.25242707,0.13524732,-2.1081493
0.25242707,0.13524732,-2.1081493
0.25242707,0.13524732,-2.1081493
0.27559975,0.13781318,-2.1937668
0.27559975,0.13781318,-2.1937668
0.27559975,0.13781318,-2.1937668
0.28253075,0.13837408,-2.217071
0.28253075,0.13837408,-2.217071
0.28253075,0.13837408,-2.217071
0.2892585,0.13922513,-2.2397442
0.2936616,0.13970008,-2.2525594
0.2936616,0.13970008,-2.2525594
0.2936616,0.13970008,-2.2525594
0.29835188,0.14033993,-2.269111
0.29835188,0.14033993,-2.269111
0.29835188,0.14033993,-2.269111
0.29835188,0.14033993,-2.269111
0.29835188,0.14033993,-2.269111
0.29835188,0.14033993,-2.269111
0.29835188,0.14033993,-2.269111
0.31672418,0.14292878,-2.3464346
0.3176208,0.14326937,-2.3527665
0.3176208,0.14326937,-2.3527665
0.3176208,0.14326937,-2.3527665
0.3206806,0.14402522,-2.3725398
0.3206806,0.14402522,-2.3725398
0.3206806,0.14402522,-2.3725398
0.3236395,0.14432178,-2.400004
0.32551146,0.1445684,-2.4204912
0.32551146,0.1445684,-2.4204912
0.32865316,0.1451657,-2.439399
0.32865316,0.1451657,-2.439399
0.33141714,0.14588165,-2.459368
0.3343689,0.14632298,-2.4785929
0.3343689,0.14632298,-2.4785929
0.3343689,0.14632298,-2.4785929
0.33647063,0.14694603,-2.497581
0.33647063,0.14694603,-2.497581
0.33647063,0.14694603,-2.497581
0.33647063,0.14694603,-2.497581
0.33647063,0.14694603,-2.497581
0.33647063,0.14694603,-2.497581
0.33647063,0.14694603,-2.497581
0.3453111,0.14853387,-2.583411
0.3453111,0.14853387,-2.583411
0.34659788,0.14839064,-2.5944288
0.34659788,0.14839064,-2.5944288
0.34756434,0.14937523,-2.612353
0.34756434,0.14937523,-2.612353
0.34756434,0.14937523,-2.612353
0.34965461,0.14940509,-2.6468782
0.34965461,0.14940509,-2.6468782
0.34965461,0.14940509,-2.6468782
0.35131866,0.1500911,-2.6714282
0.35131866,0.1500911,-2.6714282
0.35131866,0.1500911,-2.6714282
0.35131866,0.1500911,-2.6714282
0.35131866,0.1500911,-2.6714282
0.35131866,0.1500911,-2.6714282
0.35503632,0.15055653,-2.729946
0.35503632,0.15055653,-2.729946
0.35503632,0.15055653,-2.729946
0.35726967,0.15154642,-2.747306
0.35726967,0.15154642,-2.747306
0.35726967,0.15154642,-2.747306
0.35726967,0.15154642,-2.747306
0.35756984,0.1517905,-2.767893
0.35900962,0.15242949,-2.7926986
0.35900962,0.15242949,-2.7926986
0.35900962,0.15242949,-2.7926986
0.35850018,0.15301485,-2.8186367
0.35733363,0.15390818,-2.8312356
0.35733363,0.15390818,-2.8312356
0.35662428,0.15478443,-2.8511307
0.35662428,0.15478443,-2.8511307
0.35737723,0.15483537,-2.8679714
0.35737723,0.15483537,-2.8679714
0.3568055,0.15468052,-2.8984098
0.35638708,0.15467647,-2.904821
0.35638708,0.15467647,-2.904821
0.35638708,0.15467647,-2.904821
0.35638708,0.15467647,-2.904821
0.35638708,0.15467647,-2.904821
0.35638708,0.15467647,-2.904821
0.3505978,0.15450422,-2.963615
0.34817177,0.1548862,-2.9810982
0.34817177,0.1548862,-2.9810982
0.34532195,0.15480293,-2.999817
0.34532195,0.15480293,-2.999817
0.3410372,0.15513927,-3.0186763
0.3410372,0.15513927,-3.0186763
0.3410372,0.15513927,-3.0186763
0.33611268,0.15539253,-3.0412393
0.33611268,0.15539253,-3.0412393
0.33317602,0.15569676,-3.0533352
0.33317602,0.15569676,-3.0533352
0.33317602,0.15569676,-3.0533352
0.33317602,0.15569676,-3.0533352
0.33317602,0.15569676,-3.0533352
0.3202469,0.15723488,-3.1042714
0.31868932,0.15726857,-3.1096437
0.31868932,0.15726857,-3.1096437
0.31453997,0.15699463,-3.1273086
0.31453997,0.15699463,-3.1273086
0.31453997,0.15699463,-3.1273086
0.31067124,0.15735133,-3.1520035
0.31067124,0.15735133,-3.1520035
0.30619568,0.1576764,-3.1708462
0.30619568,0.1576764,-3.1708462
0.30619568,0.1576764,-3.1708462
0.30329743,0.15840429,-3.1870577
0.30329743,0.15840429,-3.1870577
0.29905367,0.15856585,-3.2047427
0.29905367,0.15856585,-3.2047427
0.29369304,0.15790957,-3.2269876
0.29369304,0.15790957,-3.2269876
0.29024994,0.15838951,-3.243148
0.29024994,0.15838951,-3.243148
0.29024994,0.15838951,-3.243148
0.29024994,0.15838951,-3.243148
0.29024994,0.15838951,-3.243148
0.28629425,0.15849914,-3.2672303
0.28629425,0.15849914,-3.2672303
0.28629425,0.15849914,-3.2672303
0.28629425,0.15849914,-3.2672303
0.28629425,0.15849914,-3.2672303
0.28629425,0.15849914,-3.2672303
0.28629425,0.15849914,-3.2672303
0.2689162,0.1602623,-3.3307688
0.2689162,0.1602623,-3.3307688
0.2689162,0.1602623,-3.3307688
0.2630297,0.16055347,-3.353132
0.2630297,0.16055347,-3.353132
0.25812685,0.16088866,-3.36991
0.25812685,0.16088866,-3.36991
0.25344798,0.16089934,-3.383846
0.25344798,0.16089934,-3.383846
0.24850224,0.16154757,-3.3998153
0.24850224,0.16154757,-3.3998153
0.24850224,0.16154757,-3.3998153
0.24075072,0.1614465,-3.4183705
0.24075072,0.1614465,-3.4183705
0.24075072,0.1614465,-3.4183705
0.24075072,0.1614465,-3.4183705
0.2265659,0.16182737,-3.4496129
0.22279184,0.16205634,-3.4575584
0.21541804,0.16216299,-3.4753768
0.21541804,0.16216299,-3.4753768
0.21541804,0.16216299,-3.4753768
0.20985276,0.16257648,-3.4892776
0.2038255,0.1623939,-3.503866
0.2038255,0.1623939,-3.503866
0.19754218,0.1635582,-3.517526
0.19754218,0.1635582,-3.517526
0.18807942,0.16419472,-3.5356686
0.18037578,0.16436139,-3.5501134
0.18037578,0.16436139,-3.5501134
0.172539,0.16497727,-3.5632389
0.172539,0.16497727,-3.5632389
0.172539,0.16497727,-3.5632389
0.172539,0.16497727,-3.5632389
0.172539,0.16497727,-3.5632389
0.172539,0.16497727,-3.5632389
0.172539,0.16497727,-3.5632389
0.172539,0.16497727,-3.5632389
0.172539,0.16497727,-3.5632389
0.172539,0.16497727,-3.5632389
0.172539,0.16497727,-3.5632389
0.12583569,0.16450776,-3.6339762
0.11774072,0.16424665,-3.6474001
0.11774072,0.16424665,-3.6474001
0.1100071,0.16361074,-3.6614482
0.1100071,0.16361074,-3.6614482
0.09869635,0.16425495,-3.6779783
0.09869635,0.16425495,-3.6779783
0.0929289,0.1646393,-3.6865752
0.0929289,0.1646393,-3.6865752
0.08149885,0.16529033,-3.7028935
0.08149885,0.16529033,-3.7028935
0.08149885,0.16529033,-3.7028935
0.08149885,0.16529033,-3.7028935
0.08149885,0.16529033,-3.7028935
0.06406382,0.16622531,-3.725992
0.06406382,0.16622531,-3.725992
0.06406382,0.16622531,-3.725992
0.054430578,0.16654046,-3.737244
0.054430578,0.16654046,-3.737244
0.042804092,0.16710612,-3.750631
0.042804092,0.16710612,-3.750631
0.029319793,0.16753908,-3.7669404
0.029319793,0.16753908,-3.7669404
0.024074765,0.16721472,-3.7716258
0.024074765,0.16721472,-3.7716258
0.024074765,0.16721472,-3.7716258
0.011332288,0.1674825,-3.7865455
0.0023580065,0.16775209,-3.7967203
0.0023580065,0.16775209,-3.7967203
-0.0069811493,0.16786247,-3.8086522
-0.0069811493,0.16786247,-3.8086522
-0.019156618,0.16768856,-3.8249114
-0.019156618,0.16768856,-3.8249114
-0.019156618,0.16768856,-3.8249114
-0.019156618,0.16768856,-3.8249114
-0.019156618,0.16768856,-3.8249114
-0.019156618,0.16768856,-3.8249114
-0.019156618,0.16768856,-3.8249114
-0.019156618,0.16768856,-3.8249114
-0.019156618,0.16768856,-3.8249114
-0.061605588,0.16812688,-3.8778179
-0.07273632,0.16830792,-3.89133
-0.07273632,0.16830792,-3.89133
-0.083443254,0.16847853,-3.9042737
-0.097193554,0.1679443,-3.9204314
-0.108278885,0.16784178,-3.932717
-0.108278885,0.16784178,-3.932717
-0.11898661,0.16790776,-3.9450853
-0.11898661,0.16790776,-3.9450853
-0.11898661,0.16790776,-3.9450853
-0.11898661,0.16790776,-3.9450853
-0.11898661,0.16790776,-3.9450853
-0.15546453,0.16768655,-3.9888594
-0.15546453,0.16768655,-3.9888594
-0.15546453,0.16768655,-3.9888594
-0.16673005,0.16703929,-4.00093
-0.16673005,0.16703929,-4.00093
-0.18158475,0.16615298,-4.0159597
-0.18945643,0.16594549,-4.024372
-0.18945643,0.16594549,-4.024372
-0.20533942,0.16564263,-4.0403543
-0.20533942,0.16564263,-4.0403543
-0.21950445,0.16505855,-4.055955
-0.22604106,0.16483909,-4.064053
-0.22604106,0.16483909,-4.064053
-0.23736298,0.16427173,-4.077293
-0.23736298,0.16427173,-4.077293
-0.25341046,0.16450454,-4.0945177
-0.25341046,0.16450454,-4.0945177
-0.25341046,0.16450454,-4.0945177
-0.25341046,0.16450454,-4.0945177
-0.25341046,0.16450454,-4.0945177
-0.25341046,0.16450454,-4.0945177
-0.25341046,0.16450454,-4.0945177
-0.25341046,0.16450454,-4.0945177
-0.29624718,0.1650877,-4.14096
-0.29624718,0.1650877,-4.14096
-0.29624718,0.1650877,-4.14096
-0.32465938,0.16445236,-4.1658525
-0.32465938,0.16445236,-4.1658525
-0.33778602,0.16421197,-4.1769824
-0.33778602,0.16421197,-4.1769824
-0.3505449,0.16404809,-4.1877055
-0.3505449,0.16404809,-4.1877055
-0.36377633,0.16436912,-4.198868
-0.36377633,0.16436912,-4.198868
-0.36377633,0.16436912,-4.198868
-0.36377633,0.16436912,-4.198868
-0.39424607,0.16421919,-4.223339
-0.39424607,0.16421919,-4.223339
-0.40689856,0.16411032,-4.233474
-0.40689856,0.16411032,-4.233474
-0.40689856,0.16411032,-4.233474
-0.42188987,0.16396256,-4.2450457
-0.43553993,0.16399442,-4.2547073
-0.43553993,0.16399442,-4.2547073
-0.43553993,0.16399442,-4.2547073
-0.45400783,0.16413231,-4.267731
-0.45400783,0.16413231,-4.267731
-0.46734968,0.16375966,-4.277692
-0.46734968,0.16375966,-4.277692
-0.48754153,0.16399314,-4.2920017
-0.48754153,0.16399314,-4.2920017
-0.4997984,0.16378862,-4.3017263
-0.4997984,0.16378862,-4.3017263
-0.4997984,0.16378862,-4.3017263
-0.4997984,0.16378862,-4.3017263
-0.4997984,0.16378862,-4.3017263
-0.4997984,0.16378862,-4.3017263
-0.4997984,0.16378862,-4.3017263
-0.4997984,0.16378862,-4.3017263
-0.4997984,0.16378862,-4.3017263
-0.56650597,0.16193578,-4.3518634
-0.56650597,0.16193578,-4.3518634
-0.5843462,0.16200194,-4.3646307
-0.5929199,0.1616206,-4.3699937
-0.6070759,0.16154411,-4.3760204
-0.6070759,0.16154411,-4.3760204
-0.62077117,0.16154167,-4.381074
-0.62077117,0.16154167,-4.381074
-0.63378084,0.16096243,-4.386471
-0.63378084,0.16096243,-4.386471
-0.63378084,0.16096243,-4.386471
-0.63378084,0.16096243,-4.386471
-0.67970693,0.15963611,-4.406686
-0.67970693,0.15963611,-4.406686
-0.6938803,0.15925206,-4.4116597
-0.6938803,0.15925206,-4.4116597
-0.70870686,0.1587189,-4.41667
-0.70870686,0.1587189,-4.41667
-0.70870686,0.1587189,-4.41667
-0.70870686,0.1587189,-4.41667
-0.7315804,0.15828495,-4.4251146
-0.740286,0.15785216,-4.428957
-0.740286,0.15785216,-4.428957
-0.7611323,0.15710197,-4.437124
-0.7653192,0.15699051,-4.439209
-0.7653192,0.15699051,-4.439209
-0.7781035,0.15680704,-4.44565
-0.7781035,0.15680704,-4.44565
-0.79587924,0.1565576,-4.45508
-0.79587924,0.1565576,-4.45508
-0.79587924,0.1565576,-4.45508
-0.79587924,0.1565576,-4.45508
-0.79587924,0.1565576,-4.45508
-0.79587924,0.1565576,-4.45508
-0.84737504,0.1564222,-4.483087
-0.84737504,0.1564222,-4.483087
-0.8602903,0.15608922,-4.489908
-0.8602903,0.15608922,-4.489908
-0.8737767,0.15605289,-4.4970784
-0.8737767,0.15605289,-4.4970784
-0.8737767,0.15605289,-4.4970784
-0.8966503,0.15576729,-4.5089564
-0.90555227,0.1562783,-4.513322
-0.90555227,0.1562783,-4.513322
-0.91844714,0.15639289,-4.519333
-0.91844714,0.15639289,-4.519333
-0.91844714,0.15639289,-4.519333
-0.91844714,0.15639289,-4.519333
-0.9609331,0.15553416,-4.5394225
-0.9609331,0.15553416,-4.5394225
-0.9609331,0.15553416,-4.5394225
-0.97353995,0.15564053,-4.54547
-0.98657846,0.15467094,-4.551232
-0.98657846,0.15467094,-4.551232
-0.98657846,0.15467094,-4.551232
-0.9990034,0.15455079,-4.558252
-0.9990034,0.15455079,-4.558252
-1.0105602,0.15442713,-4.5650263
-1.0228974,0.15460883,-4.570274
-1.0228974,0.15460883,-4.570274
-1.0398247,0.1548839,-4.5752726
-1.0398247,0.1548839,-4.5752726
-1.0516803,0.15504678,-4.5786085
-1.0516803,0.15504678,-4.5786085
-1.063529,0.1552476,-4.5817976
-1.063529,0.1552476,-4.5817976
-1.063529,0.1552476,-4.5817976
-1.063529,0.1552476,-4.5817976
-1.063529,0.1552476,-4.5817976
-1.063529,0.1552476,-4.5817976
-1.063529,0.1552476,-4.5817976
-1.063529,0.1552476,-4.5817976
-1.063529,0.1552476,-4.5817976
-1.063529,0.1552476,-4.5817976
-1.063529,0.1552476,-4.5817976
-1.063529,0.1552476,-4.5817976
-1.1264145,0.1568634,-4.5969524
-1.1349447,0.15685774,-4.598032
-1.1349447,0.15685774,-4.598032
-1.1349447,0.15685774,-4.598032
-1.1349447,0.15685774,-4.598032
-1.151111,0.15731733,-4.601474
-1.151111,0.15731733,-4.601474
-1.1634647,0.15750006,-4.603182
-1.1634647,0.15750006,-4.603182
-1.1758196,0.15746397,-4.6046133
-1.1877092,0.15784557,-4.605818
-1.1877092,0.15784557,-4.605818
-1.1877092,0.15784557,-4.605818
-1.1877092,0.15784557,-4.605818
-1.2174693,0.15891908,-4.6091337
-1.2174693,0.15891908,-4.6091337
-1.2174693,0.15891908,-4.6091337
-1.229675,0.15895788,-4.6109257
-1.2428921,0.15901467,-4.6123414
-1.2428921,0.15901467,-4.6123414
-1.2428921,0.15901467,-4.6123414
-1.2599216,0.15889998,-4.614917
-1.2599216,0.15889998,-4.614917
-1.2680106,0.15916052,-4.6159396
-1.2680106,0.15916052,-4.6159396
-1.2680106,0.15916052,-4.6159396
-1.2680106,0.15916052,-4.6159396
-1.2890848,0.15951404,-4.6213026
-1.298356,0.15944372,-4.6234374
-1.3153651,0.15968023,-4.6274004
-1.3153651,0.15968023,-4.6274004
-1.3153651,0.15968023,-4.6274004
-1.3153651,0.15968023,-4.6274004
-1.3378471,0.15945253,-4.632621
-1.3378471,0.15945253,-4.632621
-1.3378471,0.15945253,-4.632621
-1.3378471,0.15945253,-4.632621
-1.3378471,0.15945253,-4.632621
-1.3378471,0.15945253,-4.632621
-1.3378471,0.15945253,-4.632621
-1.3378471,0.15945253,-4.632621
-1.3378471,0.15945253,-4.632621
-1.390228,0.1576758,-4.643024
-1.399362,0.15761933,-4.6447306
-1.4135027,0.15725715,-4.647504
-1.4135027,0.15725715,-4.647504
-1.4352653,0.15665515,-4.6518097
-1.4352653,0.15665515,-4.6518097
-1.4513295,0.15589462,-4.6549277
-1.4671075,0.15500236,-4.6579485
-1.4671075,0.15500236,-4.6579485
-1.4671075,0.15500236,-4.6579485
-1.4671075,0.15500236,-4.6579485
-1.4671075,0.15500236,-4.6579485
-1.4671075,0.15500236,-4.6579485
-1.5296603,0.15271701,-4.665989
-1.5296603,0.15271701,-4.665989
-1.5296603,0.15271701,-4.665989
-1.5541818,0.15170683,-4.669219
-1.564585,0.15133053,-4.670376
-1.564585,0.15133053,-4.670376
-1.564585,0.15133053,-4.670376
-1.5858754,0.15004227,-4.6713047
-1.6029071,0.14934203,-4.6722555
-1.6029071,0.14934203,-4.6722555
-1.6029071,0.14934203,-4.6722555
-1.6029071,0.14934203,-4.6722555
-1.6168205,0.14811265,-4.673163
-1.6168205,0.14811265,-4.673163
-1.6168205,0.14811265,-4.673163
-1.6342094,0.1472171,-4.6743116
-1.6342094,0.1472171,-4.6743116
-1.6342094,0.1472171,-4.6743116
-1.6536367,0.14558779,-4.6746035
-1.6536367,0.14558779,-4.6746035
-1.6536367,0.14558779,-4.6746035
-1.6536367,0.14558779,-4.6746035
-1.6536367,0.14558779,-4.6746035
-1.6536367,0.14558779,-4.6746035
-1.714509,0.1431531,-4.675976
-1.7306783,0.14220375,-4.6766844
-1.7306783,0.14220375,-4.6766844
-1.7483022,0.14128865,-4.6783576
-1.7706531,0.14016043,-4.680766
-1.7706531,0.14016043,-4.680766
-1.7823182,0.1397041,-4.6819396
-1.7823182,0.1397041,-4.6819396
-1.7823182,0.1397041,-4.6819396
-1.801359,0.1393151,-4.6844425
-1.801359,0.1393151,-4.6844425
-1.801359,0.1393151,-4.6844425
-1.838787,0.13796222,-4.689249
-1.838787,0.13796222,-4.689249
-1.8497084,0.13752034,-4.69098
-1.8497084,0.13752034,-4.69098
-1.8497084,0.13752034,-4.69098
-1.8497084,0.13752034,-4.69098
-1.8497084,0.13752034,-4.69098
-1.8730696,0.1379419,-4.691345
-1.8839878,0.13762417,-4.692331
-1.8839878,0.13762417,-4.692331
-1.8839878,0.13762417,-4.692331
-1.8839878,0.13762417,-4.692331
-1.9104077,0.13742624,-4.6946373
-1.914992,0.13715273,-4.694953
-1.914992,0.13715273,-4.694953
-1.9303902,0.136276,-4.6958914
-1.9303902,0.136276,-4.6958914
-1.9513196,0.13538526,-4.69697
-1.9681858,0.13499242,-4.6983
-1.9681858,0.13499242,-4.6983
-1.9681858,0.13499242,-4.6983
-1.9862899,0.13446136,-4.699814
-1.9862899,0.13446136,-4.699814
-1.9862899,0.13446136,-4.699814
-1.9862899,0.13446136,-4.699814
-1.9862899,0.13446136,-4.699814
-1.9862899,0.13446136,-4.699814
-1.9862899,0.13446136,-4.699814
-1.9862899,0.13446136,-4.699814
-1.9862899,0.13446136,-4.699814
-1.9862899,0.13446136,-4.699814
-2.0636828,0.13547273,-4.7039337
-2.0636828,0.13547273,-4.7039337
-2.0636828,0.13547273,-4.7039337
-2.0804029,0.13496576,-4.705391
-2.0804029,0.13496576,-4.705391
-2.0804029,0.13496576,-4.705391
-2.1020222,0.13377042,-4.7053347
-2.1020222,0.13377042,-4.7053347
-2.1274986,0.13405955,-4.705819
-2.1402502,0.1337828,-4.7066336
-2.1402502,0.1337828,-4.7066336
-2.166256,0.13332538,-4.7068825
-2.166256,0.13332538,-4.7068825
-2.166256,0.13332538,-4.7068825
-2.2064917,0.13173512,-4.7083483
-2.2064917,0.13173512,-4.7083483
-2.232116,0.13095498,-4.7089243
-2.232116,0.13095498,-4.7089243
-2.248177,0.13050836,-4.709839
-2.248177,0.13050836,-4.709839
-2.248177,0.13050836,-4.709839
-2.2821572,0.12997432,-4.709535
-2.2985759,0.12972344,-4.709858
-2.2985759,0.12972344,-4.709858
-2.2985759,0.12972344,-4.709858
-2.2985759,0.12972344,-4.709858
-2.3424854,0.12874286,-4.709997
-2.3424854,0.12874286,-4.709997
-2.361349,0.12818992,-4.710659
-2.361349,0.12818992,-4.710659
-2.361349,0.12818992,-4.710659
-2.361349,0.12818992,-4.710659
-2.390765,0.12828995,-4.7107315
-2.409548,0.12787004,-4.710937
-2.409548,0.12787004,-4.710937
-2.409548,0.12787004,-4.710937
-2.409548,0.12787004,-4.710937
-2.409548,0.12787004,-4.710937
-2.409548,0.12787004,-4.710937
-2.409548,0.12787004,-4.710937
-2.409548,0.12787004,-4.710937
-2.484729,0.12543365,-4.7110853
-2.5043538,0.12525338,-4.7105455
-2.5043538,0.12525338,-4.7105455
-2.5265996,0.1246251,-4.7103853
-2.5265996,0.1246251,-4.7103853
-2.5265996,0.1246251,-4.7103853
-2.5483716,0.12472056,-4.7097626
-2.5681648,0.12450628,-4.7100477
-2.5681648,0.12450628,-4.7100477
-2.5681648,0.12450628,-4.7100477
-2.5939565,0.12442206,-4.709163
-2.5939565,0.12442206,-4.709163
-2.5939565,0.12442206,-4.709163
-2.5939565,0.12442206,-4.709163
-2.5939565,0.12442206,-4.709163
-2.5939565,0.12442206,-4.709163
-2.5939565,0.12442206,-4.709163
-2.6571739,0.12320274,-4.708973
-2.6766415,0.122770496,-4.7087984
-2.6766415,0.122770496,-4.7087984
-2.6766415,0.122770496,-4.7087984
-2.696798,0.12265666,-4.7080097
-2.7168777,0.122384064,-4.707771
-2.7168777,0.122384064,-4.707771
-2.7168777,0.122384064,-4.707771
-2.7373939,0.122355714,-4.706949
-2.7593234,0.121817574,-4.706988
-2.7593234,0.121817574,-4.706988
-2.7871923,0.12120555,-4.7072344
-2.7871923,0.12120555,-4.7072344
-2.8105333,0.12092001,-4.7055225
-2.8105333,0.12092001,-4.7055225
-2.8105333,0.12092001,-4.7055225
-2.8347359,0.121156044,-4.705285
-2.8347359,0.121156044,-4.705285
-2.8347359,0.121156044,-4.705285
-2.8347359,0.121156044,-4.705285
-2.8347359,0.121156044,-4.705285
-2.8347359,0.121156044,-4.705285
-2.9529145,0.1189538,-4.704217
-2.9529145,0.1189538,-4.704217
-2.9529145,0.1189538,-4.704217
-2.9835484,0.118650705,-4.704441
-2.9835484,0.118650705,-4.704441
-3.0124953,0.11812958,-4.704789
-3.0282772,0.11804924,-4.7046113
-3.0282772,0.11804924,-4.7046113
-3.049298,0.11781127,-4.704503
-3.049298,0.11781127,-4.704503
-3.049298,0.11781127,-4.704503
-3.049298,0.11781127,-4.704503
-3.049298,0.11781127,-4.704503
-3.102802,0.11633399,-4.703573
-3.102802,0.11633399,-4.703573
-3.1263344,0.11558795,-4.702835
-3.1489103,0.115187734,-4.7016897
-3.1489103,0.115187734,-4.7016897
-3.1489103,0.115187734,-4.7016897
-3.1718845,0.11419663,-4.7008495
-3.1718845,0.11419663,-4.7008495
-3.1936102,0.113584444,-4.6993995
-3.223087,0.112041056,-4.6982775
-3.223087,0.112041056,-4.6982775
-3.2467978,0.11026214,-4.69705
-3.2467978,0.11026214,-4.69705
-3.267989,0.10980761,-4.69553
-3.267989,0.10980761,-4.69553
-3.267989,0.10980761,-4.69553
-3.267989,0.10980761,-4.69553
-3.3126009,0.10809941,-4.6948223
-3.3197405,0.10802666,-4.694712
-3.3197405,0.10802666,-4.694712
-3.3197405,0.10802666,-4.694712
-3.3197405,0.10802666,-4.694712
-3.3197405,0.10802666,-4.694712
-3.3197405,0.10802666,-4.694712
-3.4087398,0.10475618,-4.6940813
-3.4087398,0.10475618,-4.6940813
-3.4370306,0.10329792,-4.6941595
-3.4587266,0.10249741,-4.6943994
-3.4587266,0.10249741,-4.6943994
-3.4587266,0.10249741,-4.6943994
-3.479962,0.10142049,-4.6944475
-3.479962,0.10142049,-4.6944475
-3.5022628,0.100569166,-4.6941504
-3.5022628,0.100569166,-4.6941504
-3.5022628,0.100569166,-4.6941504
-3.5022628,0.100569166,-4.6941504
-3.5022628,0.100569166,-4.6941504
-3.5022628,0.100569166,-4.6941504
-3.5022628,0.100569166,-4.6941504
-3.5022628,0.100569166,-4.6941504
-3.5022628,0.100569166,-4.6941504
-3.5747685,0.097868934,-4.694327
-3.5926883,0.09681213,-4.6938925
-3.6151462,0.09616271,-4.6936398
-3.6151462,0.09616271,-4.6936398
-3.639317,0.09575548,-4.6928134
-3.639317,0.09575548,-4.6928134
-3.661216,0.0952225,-4.6927814
-3.677099,0.09451228,-4.6931953
-3.677099,0.09451228,-4.6931953
-3.677099,0.09451228,-4.6931953
-3.677099,0.09451228,-4.6931953
-3.6976213,0.09421582,-4.6923294
-3.6976213,0.09421582,-4.6923294
-3.6976213,0.09421582,-4.6923294
-3.7199807,0.09366047,-4.692003
-3.7199807,0.09366047,-4.692003
-3.7199807,0.09366047,-4.692003
-3.7426631,0.09343666,-4.692174
-3.7426631,0.09343666,-4.692174
-3.7426631,0.09343666,-4.692174
-3.7426631,0.09343666,-4.692174
-3.7426631,0.09343666,-4.692174
-3.7426631,0.09343666,-4.692174
-3.8210335,0.09241709,-4.692437
-3.8210335,0.09241709,-4.692437
-3.8409967,0.092283934,-4.6924963
-3.8604307,0.09165544,-4.6929
-3.8604307,0.09165544,-4.6929
-3.8604307,0.09165544,-4.6929
-3.8877907,0.091101706,-4.6930094
-3.9068546,0.090262294,-4.692683
-3.9203734,0.09009258,-4.69252
-3.9203734,0.09009258,-4.69252
-3.9203734,0.09009258,-4.69252
-3.9203734,0.09009258,-4.69252
-3.9203734,0.09009258,-4.69252
-3.9909573,0.08774335,-4.69423
-3.9909573,0.08774335,-4.69423
-4.0182195,0.0868887,-4.694599
-4.031783,0.08680576,-4.6940565
-4.031783,0.08680576,-4.6940565
-4.031783,0.08680576,-4.6940565
-4.058077,0.08586484,-4.6937513
-4.077949,0.08535668,-4.6936693
-4.077949,0.08535668,-4.6936693
-4.096747,0.08526037,-4.691974
-4.096747,0.08526037,-4.691974
-4.1165185,0.084856436,-4.6915135
-4.1165185,0.084856436,-4.6915135
-4.134344,0.08446674,-4.691063
-4.134344,0.08446674,-4.691063
-4.1591105,0.084099114,-4.690028
-4.1591105,0.084099114,-4.690028
-4.1591105,0.084099114,-4.690028
-4.1591105,0.084099114,-4.690028
-4.1591105,0.084099114,-4.690028
-4.1591105,0.084099114,-4.690028
-4.1591105,0.084099114,-4.690028
-4.2305803,0.08328067,-4.685374
-4.2504263,0.08261285,-4.6841373
-4.2711725,0.08193512,-4.6830764
-4.2711725,0.08193512,-4.6830764
-4.2711725,0.08193512,-4.6830764
-4.299269,0.08096311,-4.680482
-4.299269,0.08096311,-4.680482
-4.3261147,0.08007947,-4.678525
-4.3387976,0.07988886,-4.677875
-4.3387976,0.07988886,-4.677875
-4.3387976,0.07988886,-4.677875
-4.3387976,0.07988886,-4.677875
-4.3387976,0.07988886,-4.677875
-4.387684,0.078610696,-4.6748433
-4.387684,0.078610696,-4.6748433
-4.387684,0.078610696,-4.6748433
-4.387684,0.078610696,-4.6748433
-4.4085684,0.07823245,-4.6732492
-4.429791,0.077986695,-4.672394
-4.429791,0.077986695,-4.672394
-4.457175,0.07809177,-4.671158
-4.457175,0.07809177,-4.671158
-4.476688,0.077947505,-4.6711454
-4.497773,0.077549726,-4.670207
-4.497773,0.077549726,-4.670207
-4.518886,0.07719747,-4.6697874
-4.518886,0.07719747,-4.6697874
-4.5484524,0.07690943,-4.6692286
-4.5484524,0.07690943,-4.6692286
-4.57672,0.07660046,-4.6693525
-4.57672,0.07660046,-4.6693525
-4.57672,0.07660046,-4.6693525
-4.57672,0.07660046,-4.6693525
-4.57672,0.07660046,-4.6693525
-4.57672,0.07660046,-4.6693525
-4.57672,0.07660046,-4.6693525
-4.57672,0.07660046,-4.6693525
-4.57672,0.07660046,-4.6693525
-4.57672,0.07660046,-4.6693525
-4.661995,0.07635769,-4.66978
-4.676565,0.07645573,-4.669964
-4.676565,0.07645573,-4.669964
-4.6982217,0.07621539,-4.6710453
-4.6982217,0.07621539,-4.6710453
-4.6982217,0.07621539,-4.6710453
-4.7209344,0.07630041,-4.670971
-4.7209344,0.07630041,-4.670971
-4.7209344,0.07630041,-4.670971
-4.7209344,0.07630041,-4.670971
-4.750063,0.07608483,-4.672012
-4.7722635,0.075986296,-4.673209
-4.7722635,0.075986296,-4.673209
-4.7722635,0.075986296,-4.673209
-4.7722635,0.075986296,-4.673209
-4.7722635,0.075986296,-4.673209
-4.7722635,0.075986296,-4.673209
-4.845184,0.07516003,-4.6741896
-4.8653455,0.075181395,-4.674246
-4.8653455,0.075181395,-4.674246
-4.8653455,0.075181395,-4.674246
-4.8653455,0.075181395,-4.674246
-4.8653455,0.075181395,-4.674246
-4.8920784,0.07484609,-4.6739597
-4.9057703,0.074787214,-4.6746607
-4.9057703,0.074787214,-4.6746607
-4.933807,0.07388641,-4.6743665
-4.933807,0.07388641,-4.6743665
-4.933807,0.07388641,-4.6743665
-4.9751186,0.072336495,-4.6741953
-4.9966764,0.072110355,-4.674509
-4.9966764,0.072110355,-4.674509
-5.032475,0.07038225,-4.674123
-5.032475,0.07038225,-4.674123
-5.032475,0.07038225,-4.674123
-5.032475,0.07038225,-4.674123
-5.032475,0.07038225,-4.674123
-5.032475,0.07038225,-4.674123
-5.032475,0.07038225,-4.674123
-5.1054683,0.06731129,-4.6687813
-5.124298,0.06677989,-4.668081
-5.144305,0.0662882,-4.6667175
-5.144305,0.0662882,-4.6667175
-5.1646786,0.065674536,-4.6655035
-5.1646786,0.065674536,-4.6655035
-5.1646786,0.065674536,-4.6655035
-5.1929226,0.06504157,-4.6639805
-5.1929226,0.06504157,-4.6639805
-5.1929226,0.06504157,-4.6639805
-5.2134614,0.064318806,-4.662775
-5.2134614,0.064318806,-4.662775
-5.2134614,0.064318806,-4.662775
-5.2134614,0.064318806,-4.662775
-5.2134614,0.064318806,-4.662775
-5.2134614,0.064318806,-4.662775
-5.2134614,0.064318806,-4.662775
-5.2882214,0.06271223,-4.661706
-5.3025126,0.06259704,-4.6616917
-5.3025126,0.06259704,-4.6616917
-5.3208356,0.06237194,-4.6621504
-5.3208356,0.06237194,-4.6621504
-5.3208356,0.06237194,-4.6621504
-5.3650885,0.06165514,-4.6634774
-5.3650885,0.06165514,-4.6634774
-5.3856273,0.061357565,-4.664339
-5.3856273,0.061357565,-4.664339
-5.4053893,0.061152965,-4.665267
-5.4053893,0.061152965,-4.665267
-5.4261904,0.060893685,-4.665574
-5.4261904,0.060893685,-4.665574
-5.4261904,0.060893685,-4.665574
-5.4261904,0.060893685,-4.665574
-5.4261904,0.060893685,-4.665574
-5.4261904,0.060893685,-4.665574
-5.4261904,0.060893685,-4.665574
-5.4261904,0.060893685,-4.665574
-5.4261904,0.060893685,-4.665574
-5.4261904,0.060893685,-4.665574
-5.4261904,0.060893685,-4.665574
-5.52522,0.059196725,-4.6658964
-5.52522,0.059196725,-4.6658964
-5.52522,0.059196725,-4.6658964
-5.52522,0.059196725,-4.6658964
-5.5590234,0.058244385,-4.6667986
-5.5784717,0.05801156,-4.6664457
-5.597928,0.057384618,-4.6666865
-5.597928,0.057384618,-4.6666865
-5.597928,0.057384618,-4.6666865
-5.6171017,0.056956053,-4.6673536
-5.6171017,0.056956053,-4.6673536
-5.6171017,0.056956053,-4.6673536
-5.6171017,0.056956053,-4.6673536
-5.6171017,0.056956053,-4.6673536
-5.6171017,0.056956053,-4.6673536
-5.6847615,0.05560708,-4.66722
-5.707123,0.05508501,-4.6650515
-5.707123,0.05508501,-4.6650515
-5.707123,0.05508501,-4.6650515
-5.7280855,0.05405522,-4.6606145
-5.7280855,0.05405522,-4.6606145
-5.764271,0.05272636,-4.652218
-5.7781506,0.052370206,-4.647641
-5.7781506,0.052370206,-4.647641
-5.7781506,0.052370206,-4.647641
-5.7781506,0.052370206,-4.647641
-5.8218064,0.050566852,-4.6384706
-5.8218064,0.050566852,-4.6384706
-5.843628,0.049808174,-4.6344776
-5.843628,0.049808174,-4.6344776
-5.8816423,0.04903938,-4.6253486
-5.8816423,0.04903938,-4.6253486
-5.8816423,0.04903938,-4.6253486
-5.8816423,0.04903938,-4.6253486
-5.8816423,0.04903938,-4.6253486
-5.8816423,0.04903938,-4.6253486
-5.8816423,0.04903938,-4.6253486
-5.8816423,0.04903938,-4.6253486
-5.8816423,0.04903938,-4.6253486
-5.9846244,0.047558904,-4.6002855
-5.9846244,0.047558904,-4.6002855
-5.9983873,0.04712379,-4.5970764
-5.9983873,0.04712379,-4.5970764
-6.025388,0.046162367,-4.5904636
-6.025388,0.046162367,-4.5904636
-6.025388,0.046162367,-4.5904636
-6.0465417,0.04549198,-4.5849924
-6.06803,0.04445429,-4.580171
-6.06803,0.04445429,-4.580171
-6.06803,0.04445429,-4.580171
-6.06803,0.04445429,-4.580171
-6.122837,0.042810477,-4.5646343
-6.1367064,0.042453468,-4.5612173
-6.1367064,0.042453468,-4.5612173
-6.1562147,0.04152567,-4.5562673
-6.1562147,0.04152567,-4.5562673
-6.1562147,0.04152567,-4.5562673
-6.1767445,0.040871352,-4.550742
-6.1767445,0.040871352,-4.550742
-6.1767445,0.040871352,-4.550742
-6.19566,0.03979341,-4.545719
-6.19566,0.03979341,-4.545719
-6.19566,0.03979341,-4.545719
-6.223418,0.038915277,-4.5376635
-6.2437143,0.037674338,-4.532419
-6.2437143,0.037674338,-4.532419
-6.2639947,0.037060983,-4.527104
-6.2639947,0.037060983,-4.527104
-6.2841363,0.03681588,-4.5212107
-6.2841363,0.03681588,-4.5212107
-6.317065,0.035846755,-4.511986
-6.317065,0.035846755,-4.511986
-6.317065,0.035846755,-4.511986
-6.317065,0.035846755,-4.511986
-6.317065,0.035846755,-4.511986
-6.317065,0.035846755,-4.511986
-6.317065,0.035846755,-4.511986
-6.390732,0.034305908,-4.4905767
-6.390732,0.034305908,-4.4905767
-6.4121585,0.033543587,-4.485078
-6.4121585,0.033543587,-4.485078
-6.4121585,0.033543587,-4.485078
-6.4462323,0.032698102,-4.4746175
-6.452771,0.03255324,-4.472284
-6.477074,0.030926496,-4.4645414
-6.477074,0.030926496,-4.4645414
-6.477074,0.030926496,-4.4645414
-6.4962416,0.030424371,-4.4576955
-6.4962416,0.030424371,-4.4576955
-6.4962416,0.030424371,-4.4576955
-6.4962416,0.030424371,-4.4576955
-6.5417724,0.028466612,-4.441599
-6.5417724,0.028466612,-4.441599
-6.574396,0.02689103,-4.427333
-6.574396,0.02689103,-4.427333
-6.601109,0.02539739,-4.413843
-6.620063,0.024071157,-4.403989
-6.620063,0.024071157,-4.403989
-6.620063,0.024071157,-4.403989
-6.620063,0.024071157,-4.403989
-6.6585126,0.02242957,-4.383937
-6.6585126,0.02242957,-4.383937
-6.6837983,0.022139288,-4.369728
-6.6837983,0.022139288,-4.369728
-6.6837983,0.022139288,-4.369728
-6.703797,0.021798342,-4.3589916
-6.703797,0.021798342,-4.3589916
-6.703797,0.021798342,-4.3589916
-6.703797,0.021798342,-4.3589916
-6.722793,0.021376356,-4.348099
-6.722793,0.021376356,-4.348099
-6.722793,0.021376356,-4.348099
-6.722793,0.021376356,-4.348099
-6.722793,0.021376356,-4.348099
-6.722793,0.021376356,-4.348099
-6.722793,0.021376356,-4.348099
-6.8050184,0.017588109,-4.296171
-6.8050184,0.017588109,-4.296171
-6.8050184,0.017588109,-4.296171
-6.8050184,0.017588109,-4.296171
-6.823994,0.016687073,-4.2833595
-6.8412833,0.015898943,-4.270217
-6.8412833,0.015898943,-4.270217
-6.8637986,0.014688522,-4.252284
-6.8637986,0.014688522,-4.252284
-6.87911,0.014295294,-4.239328
-6.895387,0.013819881,-4.2257304
-6.895387,0.013819881,-4.2257304
-6.895387,0.013819881,-4.2257304
-6.895387,0.013819881,-4.2257304
-6.895387,0.013819881,-4.2257304
-6.895387,0.013819881,-4.2257304
-6.895387,0.013819881,-4.2257304
-6.895387,0.013819881,-4.2257304
-6.9477687,0.012104154,-4.1785946
-6.9477687,0.012104154,-4.1785946
-6.9477687,0.012104154,-4.1785946
-6.9477687,0.012104154,-4.1785946
-6.9626546,0.011424191,-4.164098
-6.977361,0.0094763795,-4.149699
-6.977361,0.0094763795,-4.149699
-6.9928966,0.008574992,-4.134864
-6.9928966,0.008574992,-4.134864
-7.0074277,0.008134402,-4.1188965
-7.0074277,0.008134402,-4.1188965
-7.026395,0.006778919,-4.0972943
-7.026395,0.006778919,-4.0972943
-7.0391884,0.0062214136,-4.081979
-7.0391884,0.0062214136,-4.081979
-7.0391884,0.0062214136,-4.081979
-7.0391884,0.0062214136,-4.081979
-7.0560837,0.0052866717,-4.061913
-7.0560837,0.0052866717,-4.061913
-7.0560837,0.0052866717,-4.061913
-7.0560837,0.0052866717,-4.061913
-7.0560837,0.0052866717,-4.061913
-7.0560837,0.0052866717,-4.061913
-7.0988874,0.0027310848,-3.9978106
-7.1094813,0.002325952,-3.9796636
-7.1094813,0.002325952,-3.9796636
-7.1199627,0.0012147427,-3.9615195
-7.1199627,0.0012147427,-3.9615195
-7.129299,0.0007732744,-3.9434705
-7.1385503,0.0004634715,-3.9243753
-7.1385503,0.0004634715,-3.9243753
-7.149391,2.2530556e-05,-3.8986857
-7.149391,2.2530556e-05,-3.8986857
-7.149391,2.2530556e-05,-3.8986857
-7.149391,2.2530556e-05,-3.8986857
-7.149391,2.2530556e-05,-3.8986857
-7.171572,-0.0027483702,-3.8485763
-7.1737556,-0.0030758083,-3.8418663
-7.1737556,-0.0030758083,-3.8418663
-7.1869283,-0.0067469697,-3.8051293
-7.1869283,-0.0067469697,-3.8051293
-7.1869283,-0.0067469697,-3.8051293
-7.196771,-0.00807365,-3.7785542
-7.2020044,-0.00979656,-3.7600958
-7.207716,-0.010104716,-3.7410128
-7.207716,-0.010104716,-3.7410128
-7.216351,-0.011900574,-3.720106
-7.216351,-0.011900574,-3.720106
-7.216351,-0.011900574,-3.720106
-7.224675,-0.013048202,-3.7045991
-7.224675,-0.013048202,-3.7045991
-7.224675,-0.013048202,-3.7045991
-7.237002,-0.014365882,-3.6813772
-7.237002,-0.014365882,-3.6813772
-7.237002,-0.014365882,-3.6813772
-7.237002,-0.014365882,-3.6813772
-7.237002,-0.014365882,-3.6813772
-7.237002,-0.014365882,-3.6813772
-7.237002,-0.014365882,-3.6813772
-7.237002,-0.014365882,-3.6813772
-7.237002,-0.014365882,-3.6813772
-7.271541,-0.019410692,-3.6131961
-7.271541,-0.019410692,-3.6131961
-7.2789745,-0.019989073,-3.594021
-7.2789745,-0.019989073,-3.594021
-7.2846823,-0.020979315,-3.572137
-7.2846823,-0.020979315,-3.572137
-7.2889,-0.019707792,-3.5446947
-7.2918534,-0.019790232,-3.5244014
-7.2918534,-0.019790232,-3.5244014
-7.2946944,-0.020777598,-3.506387
-7.2946944,-0.020777598,-3.506387
-7.2946944,-0.020777598,-3.506387
-7.2946944,-0.020777598,-3.506387
-7.2946944,-0.020777598,-3.506387
-7.3057375,-0.022993624,-3.4642508
-7.3057375,-0.022993624,-3.4642508
-7.313563,-0.023405045,-3.4409578
-7.3220177,-0.022479385,-3.4298403
-7.3220177,-0.022479385,-3.4298403
-7.3220177,-0.022479385,-3.4298403
-7.3220177,-0.022479385,-3.4298403
-7.3406878,-0.02303505,-3.3941834
-7.3406878,-0.02303505,-3.3941834
-7.3406878,-0.02303505,-3.3941834
-7.3406878,-0.02303505,-3.3941834
-7.3494873,-0.023702592,-3.3683455
-7.3552694,-0.024255894,-3.3498576
-7.3552694,-0.024255894,-3.3498576
-7.361498,-0.024605036,-3.3309438
-7.361498,-0.024605036,-3.3309438
-7.368658,-0.025327057,-3.312865
-7.368658,-0.025327057,-3.312865
-7.368658,-0.025327057,-3.312865
-7.368658,-0.025327057,-3.312865
-7.368658,-0.025327057,-3.312865
-7.368658,-0.025327057,-3.312865
-7.368658,-0.025327057,-3.312865
-7.368658,-0.025327057,-3.312865
-7.368658,-0.025327057,-3.312865
-7.3963523,-0.027619332,-3.2122838
-7.3963523,-0.027619332,-3.2122838
-7.4008102,-0.027854674,-3.1917279
-7.405654,-0.027492732,-3.172716
-7.405654,-0.027492732,-3.172716
-7.4081244,-0.0274494,-3.1516101
-7.4081244,-0.0274494,-3.1516101
-7.413818,-0.029395789,-3.1243284
-7.413818,-0.029395789,-3.1243284
-7.413818,-0.029395789,-3.1243284
-7.413818,-0.029395789,-3.1243284
-7.413818,-0.029395789,-3.1243284
-7.413818,-0.029395789,-3.1243284
-7.413818,-0.029395789,-3.1243284
-7.413818,-0.029395789,-3.1243284
-7.4255624,-0.033574164,-3.0450518
-7.4255624,-0.033574164,-3.0450518
-7.4277124,-0.03397423,-3.0262542
-7.4288583,-0.036044173,-2.9992456
-7.4288583,-0.036044173,-2.9992456
-7.4307313,-0.03705597,-2.9789855
-7.4307313,-0.03705597,-2.9789855
-7.4322977,-0.037970208,-2.9587765
-7.4322977,-0.037970208,-2.9587765
-7.432804,-0.03845182,-2.9398892
-7.432804,-0.03845182,-2.9398892
-7.435331,-0.039401226,-2.9135966
-7.435331,-0.039401226,-2.9135966
-7.435331,-0.039401226,-2.9135966
-7.435331,-0.039401226,-2.9135966
-7.4377556,-0.04179191,-2.8820567
-7.4381237,-0.04203417,-2.875292
-7.4381237,-0.04203417,-2.875292
-7.4381237,-0.04203417,-2.875292
-7.4381237,-0.04203417,-2.875292
-7.4381237,-0.04203417,-2.875292
-7.4462643,-0.04761856,-2.8021667
-7.4462643,-0.04761856,-2.8021667
-7.448501,-0.048583828,-2.7820203
-7.4503064,-0.049293816,-2.7686388
-7.4503064,-0.049293816,-2.7686388
-7.4503064,-0.049293816,-2.7686388
-7.4503064,-0.049293816,-2.7686388
-7.4542522,-0.051806718,-2.7299697
-7.456579,-0.05191248,-2.7045748
-7.456579,-0.05191248,-2.7045748
-7.456579,-0.05191248,-2.7045748
-7.456579,-0.05191248,-2.7045748
-7.456579,-0.05191248,-2.7045748
-7.463004,-0.051843613,-2.6467297
-7.463004,-0.051843613,-2.6467297
-7.463004,-0.051843613,-2.6467297
-7.463004,-0.051843613,-2.6467297
-7.4650526,-0.052268773,-2.6279478
-7.4650526,-0.052268773,-2.6279478
-7.4650526,-0.052268773,-2.6279478
-7.467068,-0.05300258,-2.603015
-7.467068,-0.05300258,-2.603015
-7.4694734,-0.0537519,-2.5851846
-7.4694734,-0.0537519,-2.5851846
-7.4694734,-0.0537519,-2.5851846
-7.4710298,-0.05417534,-2.5664098
-7.4726567,-0.054740213,-2.5490777
-7.4726567,-0.054740213,-2.5490777
-7.4726567,-0.054740213,-2.5490777
-7.473716,-0.05498162,-2.5240948
-7.4755416,-0.056058675,-2.5078986
-7.4755416,-0.056058675,-2.5078986
-7.4755416,-0.056058675,-2.5078986
-7.476531,-0.056365512,-2.4821565
-7.476531,-0.056365512,-2.4821565
-7.476531,-0.056365512,-2.4821565
-7.476531,-0.056365512,-2.4821565
-7.476531,-0.056365512,-2.4821565
-7.476531,-0.056365512,-2.4821565
-7.476531,-0.056365512,-2.4821565
-7.476531,-0.056365512,-2.4821565
-7.4898553,-0.060791075,-2.3881702
-7.4898553,-0.060791075,-2.3881702
-7.492628,-0.061357558,-2.3753457
-7.492628,-0.061357558,-2.3753457
-7.4958754,-0.063529015,-2.3508472
-7.4958754,-0.063529015,-2.3508472
-7.499675,-0.06435707,-2.3309429
-7.504469,-0.06485041,-2.3119218
-7.504469,-0.06485041,-2.3119218
-7.504469,-0.06485041,-2.3119218
-7.504469,-0.06485041,-2.3119218
-7.513234,-0.06561472,-2.2679503
-7.513234,-0.06561472,-2.2679503
-7.5172443,-0.066259325,-2.2501519
-7.5172443,-0.066259325,-2.2501519
-7.52159,-0.06676495,-2.2321348
-7.52159,-0.06676495,-2.2321348
-7.5268974,-0.06730704,-2.2087646
-7.5268974,-0.06730704,-2.2087646
-7.531218,-0.06780049,-2.1891692
-7.5353284,-0.06836563,-2.170151
-7.5353284,-0.06836563,-2.170151
-7.541914,-0.06910186,-2.142732
-7.541914,-0.06910186,-2.142732
-7.541914,-0.06910186,-2.142732
-7.545435,-0.07053721,-2.1301155
-7.545435,-0.07053721,-2.1301155
-7.552387,-0.07082274,-2.103075
-7.552387,-0.07082274,-2.103075
-7.552387,-0.07082274,-2.103075
-7.552387,-0.07082274,-2.103075
-7.552387,-0.07082274,-2.103075
-7.552387,-0.07082274,-2.103075
-7.552387,-0.07082274,-2.103075
-7.552387,-0.07082274,-2.103075
-7.552387,-0.07082274,-2.103075
-7.552387,-0.07082274,-2.103075
-7.552387,-0.07082274,-2.103075
-7.552387,-0.07082274,-2.103075
-7.552387,-0.07082274,-2.103075
-7.552387,-0.07082274,-2.103075
-7.582352,-0.07322966,-2.005062
-7.5880785,-0.073720425,-1.9856977
-7.5880785,-0.073720425,-1.9856977
-7.5880785,-0.073720425,-1.9856977
-7.5880785,-0.073720425,-1.9856977
-7.5880785,-0.073720425,-1.9856977
-7.5948505,-0.074136436,-1.9664106
-7.5948505,-0.074136436,-1.9664106
-7.6015277,-0.07500729,-1.9452441
-7.6015277,-0.07500729,-1.9452441
-7.6082053,-0.075563274,-1.9260929
-7.6082053,-0.075563274,-1.9260929
-7.6082053,-0.075563274,-1.9260929
-7.6137495,-0.07660993,-1.905612
-7.6137495,-0.07660993,-1.905612
-7.6137495,-0.07660993,-1.905612
-7.6137495,-0.07660993,-1.905612
-7.6137495,-0.07660993,-1.905612
-7.628074,-0.07701003,-1.8634133
-7.635092,-0.07721874,-1.8460245
-7.635092,-0.07721874,-1.8460245
-7.6425586,-0.078137025,-1.8272444
-7.6425586,-0.078137025,-1.8272444
-7.6425586,-0.078137025,-1.8272444
-7.652431,-0.07921853,-1.8060386
-7.652431,-0.07921853,-1.8060386
-7.6596494,-0.080102,-1.7873168
-7.6596494,-0.080102,-1.7873168
-7.6596494,-0.080102,-1.7873168
-7.6596494,-0.080102,-1.7873168
-7.6675644,-0.08060536,-1.7695298
-7.6675644,-0.08060536,-1.7695298
-7.6753936,-0.08222881,-1.7513735
-7.683921,-0.083100885,-1.7335279
-7.683921,-0.083100885,-1.7335279
-7.683921,-0.083100885,-1.7335279
-7.702046,-0.08419245,-1.6918161
-7.702046,-0.08419245,-1.6918161
-7.702046,-0.08419245,-1.6918161
-7.702046,-0.08419245,-1.6918161
-7.702046,-0.08419245,-1.6918161
-7.702046,-0.08419245,-1.6918161
-7.702046,-0.08419245,-1.6918161
-7.702046,-0.08419245,-1.6918161
-7.730513,-0.08535293,-1.630718
-7.730513,-0.08535293,-1.630718
-7.738163,-0.085671306,-1.6119013
-7.7472463,-0.086107865,-1.5936891
-7.7472463,-0.086107865,-1.5936891
-7.7472463,-0.086107865,-1.5936891
-7.7472463,-0.086107865,-1.5936891
-7.7615614,-0.08680266,-1.5636132
-7.7644205,-0.08694907,-1.5580068
-7.7644205,-0.08694907,-1.5580068
-7.7644205,-0.08694907,-1.5580068
-7.775337,-0.08454466,-1.5409284
-7.775337,-0.08454466,-1.5409284
-7.775337,-0.08454466,-1.5409284
-7.775337,-0.08454466,-1.5409284
-7.7980604,-0.08260335,-1.4926399
-7.803483,-0.08225229,-1.4808242
-7.803483,-0.08225229,-1.4808242
-7.803483,-0.08225229,-1.4808242
-7.8130217,-0.08221116,-1.4623764
-7.8130217,-0.08221116,-1.4623764
-7.8130217,-0.08221116,-1.4623764
-7.8130217,-0.08221116,-1.4623764
-7.8130217,-0.08221116,-1.4623764
-7.8306437,-0.083428055,-1.4314308
-7.8334208,-0.08343488,-1.4257276
-7.8334208,-0.08343488,-1.4257276
-7.8334208,-0.08343488,-1.4257276
-7.8576555,-0.08399096,-1.3827944
-7.8576555,-0.08399096,-1.3827944
-7.8690567,-0.086131886,-1.3674155
-7.8690567,-0.086131886,-1.3674155
-7.880002,-0.086726755,-1.3491311
-7.880002,-0.086726755,-1.3491311
-7.8928127,-0.0877378,-1.3256676
-7.8928127,-0.0877378,-1.3256676
-7.8928127,-0.0877378,-1.3256676
-7.8928127,-0.0877378,-1.3256676
-7.8928127,-0.0877378,-1.3256676
-7.8928127,-0.0877378,-1.3256676
-7.8928127,-0.0877378,-1.3256676
-7.8928127,-0.0877378,-1.3256676
-7.8928127,-0.0877378,-1.3256676
-7.939769,-0.09209064,-1.2524533
-7.939769,-0.09209064,-1.2524533
-7.954035,-0.09452021,-1.2331641
-7.954035,-0.09452021,-1.2331641
-7.954035,-0.09452021,-1.2331641
-7.9652796,-0.09534982,-1.2171283
-7.9652796,-0.09534982,-1.2171283
-7.973668,-0.09476063,-1.1991541
-7.973668,-0.09476063,-1.1991541
-7.973668,-0.09476063,-1.1991541
-7.988737,-0.09551947,-1.1765982
-7.988737,-0.09551947,-1.1765982
-7.988737,-0.09551947,-1.1765982
-7.988737,-0.09551947,-1.1765982
-7.988737,-0.09551947,-1.1765982
-7.988737,-0.09551947,-1.1765982
-8.023351,-0.09848323,-1.1218972
-8.023351,-0.09848323,-1.1218972
-8.035749,-0.09995237,-1.1033673
-8.035749,-0.09995237,-1.1033673
-8.048223,-0.101153016,-1.0844331
-8.048223,-0.101153016,-1.0844331
-8.061215,-0.102868184,-1.0612781
-8.061215,-0.102868184,-1.0612781
-8.061215,-0.102868184,-1.0612781
-8.061215,-0.102868184,-1.0612781
-8.069524,-0.103749424,-1.0416348
-8.075746,-0.103613794,-1.0211369
-8.075746,-0.103613794,-1.0211369
-8.082453,-0.10422977,-0.99428684
-8.082453,-0.10422977,-0.99428684
-8.086341,-0.104656786,-0.9759227
-8.092816,-0.10489624,-0.9572179
-8.092816,-0.10489624,-0.9572179
-8.092816,-0.10489624,-0.9572179
-8.092816,-0.10489624,-0.9572179
-8.092816,-0.10489624,-0.9572179
-8.092816,-0.10489624,-0.9572179
-8.092816,-0.10489624,-0.9572179
-8.093937,-0.105498515,-0.9196959
-8.093937,-0.105498515,-0.9196959
-8.097591,-0.10554975,-0.9088719
-8.10535,-0.107157886,-0.88971305
-8.10535,-0.107157886,-0.88971305
-8.10535,-0.107157886,-0.88971305
-8.10535,-0.107157886,-0.88971305
-8.111304,-0.10797843,-0.87310123
-8.111304,-0.10797843,-0.87310123
-8.114815,-0.10910782,-0.86085975
-8.114815,-0.10910782,-0.86085975
-8.121053,-0.10966581,-0.843699
-8.121053,-0.10966581,-0.843699
-8.121053,-0.10966581,-0.843699
-8.121053,-0.10966581,-0.843699
-8.121053,-0.10966581,-0.843699
-8.121053,-0.10966581,-0.843699
-8.121053,-0.10966581,-0.843699
-8.1323595,-0.11096905,-0.80526876
-8.1323595,-0.11096905,-0.80526876
-8.138148,-0.11202705,-0.7880877
-8.138148,-0.11202705,-0.7880877
-8.143074,-0.11250898,-0.7685499
-8.146994,-0.11457282,-0.74886405
-8.146994,-0.11457282,-0.74886405
-8.15232,-0.11525808,-0.7241694
-8.15232,-0.11525808,-0.7241694
-8.155292,-0.117607616,-0.70715255
-8.155292,-0.117607616,-0.70715255
-8.161156,-0.120301366,-0.6836177
-8.163858,-0.12102318,-0.6710005
-8.163858,-0.12102318,-0.6710005
-8.163858,-0.12102318,-0.6710005
-8.165628,-0.12262139,-0.65391815
-8.165628,-0.12262139,-0.65391815
-8.167239,-0.12367083,-0.6364075
-8.167239,-0.12367083,-0.6364075
-8.167239,-0.12367083,-0.6364075
-8.167239,-0.12367083,-0.6364075
-8.167239,-0.12367083,-0.6364075
-8.167239,-0.12367083,-0.6364075
-8.167239,-0.12367083,-0.6364075
-8.167239,-0.12367083,-0.6364075
-8.167239,-0.12367083,-0.6364075
-8.181483,-0.13122046,-0.5455004
-8.181483,-0.13122046,-0.5455004
-8.184799,-0.13230783,-0.52745056
-8.184799,-0.13230783,-0.52745056
-8.184799,-0.13230783,-0.52745056
-8.189406,-0.13324845,-0.50322616
-8.191104,-0.13391246,-0.4908077
-8.191104,-0.13391246,-0.4908077
-8.191104,-0.13391246,-0.4908077
-8.194413,-0.13527262,-0.4721415
-8.194413,-0.13527262,-0.4721415
-8.194413,-0.13527262,-0.4721415
-8.194413,-0.13527262,-0.4721415
-8.199071,-0.13767827,-0.43128192
-8.199071,-0.13767827,-0.43128192
-8.198671,-0.13845514,-0.41327894
-8.1958885,-0.13967872,-0.39505124
-8.1958885,-0.13967872,-0.39505124
-8.1958885,-0.13967872,-0.39505124
-8.192609,-0.14136375,-0.36458415
-8.191015,-0.14199263,-0.35265923
-8.191015,-0.14199263,-0.35265923
-8.186876,-0.1429646,-0.3156457
-8.186876,-0.1429646,-0.3156457
-8.185949,-0.14320737,-0.30921042
-8.185949,-0.14320737,-0.30921042
-8.185949,-0.14320737,-0.30921042
-8.182126,-0.14408118,-0.2901441
-8.182126,-0.14408118,-0.2901441
-8.178292,-0.14318152,-0.2675454
-8.17138,-0.14164859,-0.24758029
-8.17138,-0.14164859,-0.24758029
-8.17138,-0.14164859,-0.24758029
-8.17138,-0.14164859,-0.24758029
-8.17138,-0.14164859,-0.24758029
-8.17138,-0.14164859,-0.24758029
-8.17138,-0.14164859,-0.24758029
-8.17138,-0.14164859,-0.24758029
-8.17138,-0.14164859,-0.24758029
-8.149278,-0.13975835,-0.17784
-8.149278,-0.13975835,-0.17784
-8.145071,-0.13941514,-0.16172898
-8.145071,-0.13941514,-0.16172898
-8.137436,-0.1397156,-0.14370821
-8.137436,-0.1397156,-0.14370821
-8.130614,-0.13959384,-0.12767708
-8.130614,-0.13959384,-0.12767708
-8.122623,-0.14008695,-0.10510987
-8.122623,-0.14008695,-0.10510987
-8.122623,-0.14008695,-0.10510987
-8.122623,-0.14008695,-0.10510987
-8.122623,-0.14008695,-0.10510987
-8.099823,-0.13885719,-0.05997181
-8.099823,-0.13885719,-0.05997181
-8.092282,-0.137654,-0.04453534
-8.092282,-0.137654,-0.04453534
-8.08671,-0.1375975,-0.027630746
-8.08671,-0.1375975,-0.027630746
-8.08671,-0.1375975,-0.027630746
-8.082531,-0.13772573,-0.005022459
-8.082531,-0.13772573,-0.005022459
-8.078492,-0.1383195,0.014445372
-8.078492,-0.1383195,0.014445372
-8.078492,-0.1383195,0.014445372
-8.078492,-0.1383195,0.014445372
-8.07354,-0.14074238,0.056387134
-8.07354,-0.14074238,0.056387134
-8.071122,-0.14252335,0.07946706
-8.071122,-0.14252335,0.07946706
-8.071122,-0.14252335,0.07946706
-8.065045,-0.14280178,0.11804808
-8.065045,-0.14280178,0.11804808
-8.065045,-0.14280178,0.11804808
-8.065045,-0.14280178,0.11804808
-8.065045,-0.14280178,0.11804808
-8.065045,-0.14280178,0.11804808
-8.065045,-0.14280178,0.11804808
-8.051332,-0.14365877,0.19585961
-8.048751,-0.14389288,0.2158137
-8.042739,-0.14452887,0.23750103
-8.042739,-0.14452887,0.23750103
-8.039038,-0.14515638,0.2583503
-8.039038,-0.14515638,0.2583503
-8.037071,-0.14724761,0.2844081
-8.037071,-0.14724761,0.2844081
-8.034584,-0.14771362,0.3040607
-8.034584,-0.14771362,0.3040607
-8.034584,-0.14771362,0.3040607
-8.034584,-0.14771362,0.3040607
-8.034584,-0.14771362,0.3040607
-8.034584,-0.14771362,0.3040607
-8.0300455,-0.15196025,0.36055028
-8.024597,-0.15204412,0.37946397
-8.024597,-0.15204412,0.37946397
-8.015647,-0.15417354,0.3998564
-8.006369,-0.1546442,0.41830868
-8.006369,-0.1546442,0.41830868
-7.9938717,-0.1568482,0.4410773
-7.985096,-0.15901423,0.4585148
-7.985096,-0.15901423,0.4585148
-7.985096,-0.15901423,0.4585148
-7.9773884,-0.1606553,0.47643042
-7.9773884,-0.1606553,0.47643042
-7.9730616,-0.16179854,0.49354902
-7.9730616,-0.16179854,0.49354902
-7.9730616,-0.16179854,0.49354902
-7.9730616,-0.16179854,0.49354902
-7.9730616,-0.16179854,0.49354902
-7.9730616,-0.16179854,0.49354902
-7.9730616,-0.16179854,0.49354902
-7.9730616,-0.16179854,0.49354902
-7.9730616,-0.16179854,0.49354902
-7.9730616,-0.16179854,0.49354902
-7.9526634,-0.16527224,0.5977044
-7.946209,-0.16532433,0.6158046
-7.946209,-0.16532433,0.6158046
-7.940439,-0.16554725,0.62835324
-7.9301376,-0.16612406,0.6502456
-7.9301376,-0.16612406,0.6502456
-7.922447,-0.16647838,0.6666143
-7.922447,-0.16647838,0.6666143
-7.9123726,-0.16749091,0.6883683
-7.9123726,-0.16749091,0.6883683
-7.9123726,-0.16749091,0.6883683
-7.9123726,-0.16749091,0.6883683
-7.9123726,-0.16749091,0.6883683
-7.9123726,-0.16749091,0.6883683
-7.9123726,-0.16749091,0.6883683
-7.886649,-0.16866827,0.73254055
-7.875683,-0.16821176,0.74470305
-7.875683,-0.16821176,0.74470305
-7.8609858,-0.16793834,0.763111
-7.8609858,-0.16793834,0.763111
-7.850317,-0.16807137,0.7769265
-7.838256,-0.16830365,0.79145896
-7.838256,-0.16830365,0.79145896
-7.838256,-0.16830365,0.79145896
-7.817996,-0.16853808,0.8145116
-7.80974,-0.16819496,0.823601
-7.7966146,-0.1681376,0.8370858
-7.7966146,-0.1681376,0.8370858
-7.7783594,-0.16796161,0.85456514
-7.7783594,-0.16796161,0.85456514
-7.7783594,-0.16796161,0.85456514
-7.7783594,-0.16796161,0.85456514
-7.7783594,-0.16796161,0.85456514
-7.7783594,-0.16796161,0.85456514
-7.7783594,-0.16796161,0.85456514
-7.7783594,-0.16796161,0.85456514
-7.7783594,-0.16796161,0.85456514
-7.720728,-0.16986535,0.9251269
-7.720728,-0.16986535,0.9251269
-7.708745,-0.17066258,0.94275486
-7.708745,-0.17066258,0.94275486
-7.6876826,-0.17057581,0.96831995
-7.679538,-0.17063522,0.97731996
-7.679538,-0.17063522,0.97731996
-7.679538,-0.17063522,0.97731996
-7.665502,-0.17114413,0.99434656
-7.665502,-0.17114413,0.99434656
-7.665502,-0.17114413,0.99434656
-7.6338663,-0.17185152,1.0333161
-7.6338663,-0.17185152,1.0333161
-7.621095,-0.17190415,1.048575
-7.608473,-0.17170148,1.0623136
-7.608473,-0.17170148,1.0623136
-7.595014,-0.17177244,1.077841
-7.595014,-0.17177244,1.077841
-7.5765324,-0.17169684,1.0994542
-7.5765324,-0.17169684,1.0994542
-7.563611,-0.1713422,1.1127238
-7.563611,-0.1713422,1.1127238
-7.547197,-0.17094253,1.1308703
-7.5276217,-0.17068088,1.15277
-7.5276217,-0.17068088,1.15277
-7.5276217,-0.17068088,1.15277
-7.5064526,-0.17079817,1.1766907
-7.5009875,-0.1702078,1.1846533
-7.5009875,-0.1702078,1.1846533
-7.5009875,-0.1702078,1.1846533
-7.5009875,-0.1702078,1.1846533
-7.5009875,-0.1702078,1.1846533
-7.5009875,-0.1702078,1.1846533
-7.4494677,-0.16694473,1.2488108
-7.4494677,-0.16694473,1.2488108
-7.433671,-0.16652125,1.2693902
-7.433671,-0.16652125,1.2693902
-7.4214125,-0.16574074,1.2825472
-7.4214125,-0.16574074,1.2825472
-7.4091406,-0.1653202,1.2981079
-7.3984785,-0.1666224,1.3109874
-7.3984785,-0.1666224,1.3109874
-7.3984785,-0.1666224,1.3109874
-7.3984785,-0.1666224,1.3109874
-7.3984785,-0.1666224,1.3109874
-7.3984785,-0.1666224,1.3109874
-7.365178,-0.1670444,1.3522012
-7.365178,-0.1670444,1.3522012
-7.3549085,-0.16710784,1.365376
-7.3549085,-0.16710784,1.365376
-7.3387117,-0.16650079,1.3820269
-7.3387117,-0.16650079,1.3820269
-7.326754,-0.16606116,1.3977873
-7.314885,-0.16588491,1.411387
-7.314885,-0.16588491,1.411387
-7.306686,-0.16596277,1.426306
-7.294842,-0.1657517,1.4401658
-7.294842,-0.1657517,1.4401658
-7.2801433,-0.16577248,1.4585208
-7.2801433,-0.16577248,1.4585208
-7.2801433,-0.16577248,1.4585208
-7.264929,-0.16658753,1.4719055
-7.264929,-0.16658753,1.4719055
-7.264929,-0.16658753,1.4719055
-7.264929,-0.16658753,1.4719055
-7.264929,-0.16658753,1.4719055
-7.264929,-0.16658753,1.4719055
-7.2031236,-0.16758257,1.534641
-7.2031236,-0.16758257,1.534641
-7.194037,-0.16749822,1.543547
-7.194037,-0.16749822,1.543547
-7.194037,-0.16749822,1.543547
-7.165166,-0.16726576,1.5756851
-7.160872,-0.16699618,1.5801313
-7.147062,-0.16706675,1.5972264
-7.147062,-0.16706675,1.5972264
-7.129523,-0.16669558,1.6174942
-7.129523,-0.16669558,1.6174942
-7.129523,-0.16669558,1.6174942
-7.129523,-0.16669558,1.6174942
-7.129523,-0.16669558,1.6174942
-7.129523,-0.16669558,1.6174942
-7.0830817,-0.16710927,1.6671484
-7.0830817,-0.16710927,1.6671484
-7.0830817,-0.16710927,1.6671484
-7.07043,-0.16663784,1.6817712
-6.155252,-0.11430207,1.6954327
-6.155252,-0.11430207,1.6954327
-6.1289334,-0.11405857,1.7102383
-6.1289334,-0.11405857,1.7102383
-6.113215,-0.11421686,1.724278
-6.113215,-0.11421686,1.724278
-6.094507,-0.114339024,1.7416043
-6.094507,-0.114339024,1.7416043
-6.094507,-0.114339024,1.7416043
-6.079095,-0.114253365,1.7537533
-6.079095,-0.114253365,1.7537533
-6.079095,-0.114253365,1.7537533
-6.079095,-0.114253365,1.7537533
-6.065048,-0.114654094,1.76366
-6.065048,-0.114654094,1.76366
-6.0435734,-0.114572376,1.7801282
-6.0435734,-0.114572376,1.7801282
-6.0435734,-0.114572376,1.7801282
-6.0435734,-0.114572376,1.7801282
-6.0435734,-0.114572376,1.7801282
-6.0435734,-0.114572376,1.7801282
-6.0435734,-0.114572376,1.7801282
-6.0435734,-0.114572376,1.7801282
-5.9842877,-0.114986084,1.8203548
-5.979599,-0.115098685,1.8236456
-5.979599,-0.115098685,1.8236456
-5.964408,-0.114507936,1.8321579
-5.9488845,-0.114319935,1.8406191
-5.9488845,-0.114319935,1.8406191
-5.9368525,-0.11469374,1.8472286
-5.9368525,-0.11469374,1.8472286
-5.9224005,-0.11471938,1.8556463
-5.9224005,-0.11471938,1.8556463
-5.9224005,-0.11471938,1.8556463
-5.9224005,-0.11471938,1.8556463
-5.9224005,-0.11471938,1.8556463
-5.9224005,-0.11471938,1.8556463
-5.895969,-0.11365287,1.8681397
-5.895969,-0.11365287,1.8681397
-5.9470186,-0.12572028,1.8938874
-5.9630084,-0.13104922,1.9088227
-5.9630084,-0.13104922,1.9088227
-5.9525795,-0.13074754,1.9155041
-5.935484,-0.13023557,1.924765
-5.935484,-0.13023557,1.924765
-5.913402,-0.12947837,1.9341553
-5.913402,-0.12947837,1.9341553
-5.8975344,-0.1291725,1.9416374
-5.8975344,-0.1291725,1.9416374
-5.875519,-0.12893154,1.9506699
-5.875519,-0.12893154,1.9506699
-5.875519,-0.12893154,1.9506699
-5.8552647,-0.12848252,1.9593121
-5.8461056,-0.12810467,1.9633394
-5.8461056,-0.12810467,1.9633394
-5.8461056,-0.12810467,1.9633394
-5.8461056,-0.12810467,1.9633394
-5.8461056,-0.12810467,1.9633394
-5.8461056,-0.12810467,1.9633394
-5.8461056,-0.12810467,1.9633394
-5.8036947,-0.12726177,1.9855685
-5.795298,-0.12708129,1.9895701
-5.778986,-0.1267002,1.9961951
-5.778986,-0.1267002,1.9961951
-5.778986,-0.1267002,1.9961951
-5.758186,-0.1262658,2.0073528
-5.7563972,-0.126439,2.0084045
-5.7563972,-0.126439,2.0084045
-5.744667,-0.12627432,2.0148368
-5.744667,-0.12627432,2.0148368
-5.744667,-0.12627432,2.0148368
-5.744667,-0.12627432,2.0148368
-5.7124357,-0.12629408,2.0280623
-5.7076817,-0.12562822,2.0285296
-5.6932755,-0.12489622,2.0343158
-5.6932755,-0.12489622,2.0343158
-5.6932755,-0.12489622,2.0343158
-5.683763,-0.12417424,2.0336614
-5.683763,-0.12417424,2.0336614
-5.6645036,-0.12342945,2.0401945
-5.6645036,-0.12342945,2.0401945
-5.656813,-0.123159885,2.0407104
-5.656813,-0.123159885,2.0407104
-5.6433797,-0.12275264,2.045249
-5.6433797,-0.12275264,2.045249
-5.6366205,-0.12206215,2.0467467
-5.6366205,-0.12206215,2.0467467
-5.622595,-0.12153977,2.0512795
-5.622595,-0.12153977,2.0512795
-5.6080756,-0.12081565,2.052771
-5.6080756,-0.12081565,2.052771
-5.6080756,-0.12081565,2.052771
-5.6080756,-0.12081565,2.052771
-5.6080756,-0.12081565,2.052771
-5.6080756,-0.12081565,2.052771
-5.5609703,-0.12047094,2.060661
-5.549242,-0.11950918,2.0628896
-5.549242,-0.11950918,2.0628896
-5.549242,-0.11950918,2.0628896
-5.535611,-0.11917364,2.0662081
-5.535611,-0.11917364,2.0662081
-5.5194373,-0.118255876,2.069706
-5.5002956,-0.11770462,2.0748591
-5.5002956,-0.11770462,2.0748591
-5.4888515,-0.116482936,2.0759625
-5.4888515,-0.116482936,2.0759625
-5.4888515,-0.116482936,2.0759625
-5.4888515,-0.116482936,2.0759625
-5.4888515,-0.116482936,2.0759625
-5.4462433,-0.11463978,2.0847363
-5.4462433,-0.11463978,2.0847363
-5.4347963,-0.11467491,2.0874045
-5.4347963,-0.11467491,2.0874045
-5.4188085,-0.11424517,2.0916636
-5.40528,-0.11417343,2.0961442
-5.40528,-0.11417343,2.0961442
-5.3868284,-0.113776974,2.10152
-5.378375,-0.11356819,2.1045656
-5.378375,-0.11356819,2.1045656
-5.3609653,-0.11326811,2.109774
-5.3609653,-0.11326811,2.109774
-5.3609653,-0.11326811,2.109774
-5.353648,-0.11299955,2.1136227
-5.353648,-0.11299955,2.1136227
-5.353648,-0.11299955,2.1136227
-5.334111,-0.11283836,2.1213763
-5.334111,-0.11283836,2.1213763
-5.334111,-0.11283836,2.1213763
-5.334111,-0.11283836,2.1213763
-5.334111,-0.11283836,2.1213763
-5.334111,-0.11283836,2.1213763
-5.334111,-0.11283836,2.1213763
-5.334111,-0.11283836,2.1213763
-5.334111,-0.11283836,2.1213763
-5.2743506,-0.1108461,2.1439724
-5.2743506,-0.1108461,2.1439724
-5.2607794,-0.11085638,2.1506166
-5.2607794,-0.11085638,2.1506166
-5.2607794,-0.11085638,2.1506166
-5.2607794,-0.11085638,2.1506166
-5.2379227,-0.109870926,2.160477
-5.2379227,-0.109870926,2.160477
-5.233524,-0.10981786,2.1628573
-5.220018,-0.109169625,2.1685863
-5.220018,-0.109169625,2.1685863
-5.220018,-0.109169625,2.1685863
-5.220018,-0.109169625,2.1685863
-5.220018,-0.109169625,2.1685863
-5.1749773,-0.10823773,2.181119
-5.1749773,-0.10823773,2.181119
-5.1615877,-0.10810831,2.1837723
-5.1615877,-0.10810831,2.1837723
-5.1615877,-0.10810831,2.1837723
-5.1389837,-0.107931376,2.1873922
-5.1337967,-0.10788759,2.1885135
-5.1337967,-0.10788759,2.1885135
-5.1337967,-0.10788759,2.1885135
-5.1088977,-0.10793659,2.1932163
-5.098426,-0.10761924,2.195468
-5.098426,-0.10761924,2.195468
-5.0830007,-0.107360475,2.198809
-5.0830007,-0.107360475,2.198809
-5.0666933,-0.10650312,2.2021039
-5.0666933,-0.10650312,2.2021039
-5.0666933,-0.10650312,2.2021039
-5.042174,-0.10629529,2.2056923
-5.042174,-0.10629529,2.2056923
-5.042174,-0.10629529,2.2056923
-5.042174,-0.10629529,2.2056923
-5.042174,-0.10629529,2.2056923
-5.042174,-0.10629529,2.2056923
-5.042174,-0.10629529,2.2056923
-5.042174,-0.10629529,2.2056923
-5.042174,-0.10629529,2.2056923
-4.986506,-0.105508,2.2189822
-4.9737678,-0.10505122,2.2219832
-4.9737678,-0.10505122,2.2219832
-4.9611964,-0.104591995,2.2264
-4.9611964,-0.104591995,2.2264
-4.948036,-0.104569316,2.2313423
-4.948036,-0.104569316,2.2313423
-4.948036,-0.104569316,2.2313423
-4.934876,-0.10427511,2.2350688
-4.934876,-0.10427511,2.2350688
-4.934876,-0.10427511,2.2350688
-4.9179826,-0.104515724,2.2381272
-4.9179826,-0.104515724,2.2381272
-4.9179826,-0.104515724,2.2381272
-4.9179826,-0.104515724,2.2381272
-4.9179826,-0.104515724,2.2381272
-4.9179826,-0.104515724,2.2381272
-4.88591,-0.10305619,2.2449892
-4.88591,-0.10305619,2.2449892
-4.8754272,-0.10270491,2.2459435
-4.8558307,-0.10308426,2.2472706
-4.8558307,-0.10308426,2.2472706
-4.8416996,-0.10290428,2.2503104
-4.8416996,-0.10290428,2.2503104
-4.8192163,-0.102188766,2.2540698
-4.8192163,-0.102188766,2.2540698
-4.8086033,-0.10197377,2.2555866
-4.8086033,-0.10197377,2.2555866
-4.787306,-0.102052495,2.2587972
-4.787306,-0.102052495,2.2587972
-4.7730174,-0.10195014,2.2600484
-4.759417,-0.101572156,2.261212
-4.759417,-0.101572156,2.261212
-4.738987,-0.100505725,2.2628224
-4.738987,-0.100505725,2.2628224
-4.738987,-0.100505725,2.2628224
-4.738987,-0.100505725,2.2628224
-4.738987,-0.100505725,2.2628224
-4.738987,-0.100505725,2.2628224
-4.738987,-0.100505725,2.2628224
-4.6822104,-0.097975075,2.261623
-4.676154,-0.097804934,2.2617764
-4.676154,-0.097804934,2.2617764
-4.676154,-0.097804934,2.2617764
-4.654557,-0.097123116,2.2606702
-4.635696,-0.097179264,2.2610126
-4.635696,-0.097179264,2.2610126
-4.635696,-0.097179264,2.2610126
-4.62113,-0.096380204,2.2595508
-4.62113,-0.096380204,2.2595508
-4.605514,-0.0958697,2.2592323
-4.605514,-0.0958697,2.2592323
-4.605514,-0.0958697,2.2592323
-4.605514,-0.0958697,2.2592323
-4.605514,-0.0958697,2.2592323
-4.605514,-0.0958697,2.2592323
-4.605514,-0.0958697,2.2592323
-4.605514,-0.0958697,2.2592323
-4.55065,-0.09317544,2.25549
-4.541531,-0.09257905,2.2542129
-4.541531,-0.09257905,2.2542129
-4.525492,-0.09121427,2.2527475
-4.525492,-0.09121427,2.2527475
-4.525492,-0.09121427,2.2527475
-4.5099463,-0.08936613,2.251092
-4.4944377,-0.0883648,2.2487502
-4.4944377,-0.0883648,2.2487502
-4.4944377,-0.0883648,2.2487502
-4.465886,-0.086715214,2.2437496
-4.465886,-0.086715214,2.2437496
-4.45163,-0.086065315,2.2412748
-4.45163,-0.086065315,2.2412748
-4.4359236,-0.08532831,2.2371125
-4.4359236,-0.08532831,2.2371125
-4.4217668,-0.08440807,2.2339563
-4.4217668,-0.08440807,2.2339563
-4.4217668,-0.08440807,2.2339563
-4.4217668,-0.08440807,2.2339563
-4.4217668,-0.08440807,2.2339563
-4.4217668,-0.08440807,2.2339563
-4.3714733,-0.082605496,2.219442
-4.3714733,-0.082605496,2.219442
-4.3507557,-0.08181926,2.212057
-4.3507557,-0.08181926,2.212057
-4.3507557,-0.08181926,2.212057
-4.3507557,-0.08181926,2.212057
-4.3507557,-0.08181926,2.212057
-4.3507557,-0.08181926,2.212057
-4.3507557,-0.08181926,2.212057
-4.323871,-0.08045027,2.2021887
-4.3107247,-0.07956648,2.1968005
-4.3107247,-0.07956648,2.1968005
-4.3107247,-0.07956648,2.1968005
-4.3107247,-0.07956648,2.1968005
-4.3107247,-0.07956648,2.1968005
-4.264366,-0.078383885,2.176134
-4.264366,-0.078383885,2.176134
-4.264366,-0.078383885,2.176134
-4.2513695,-0.07761057,2.170135
-4.2513695,-0.07761057,2.170135
-4.2386694,-0.07703986,2.165896
-4.2386694,-0.07703986,2.165896
-4.2386694,-0.07703986,2.165896
-4.225866,-0.07665964,2.161234
-4.225866,-0.07665964,2.161234
-4.2076654,-0.07577585,2.1556904
-4.2076654,-0.07577585,2.1556904
-4.2076654,-0.07577585,2.1556904
-4.1923056,-0.076182306,2.1511147
-4.1777487,-0.07535431,2.1464453
-4.1777487,-0.07535431,2.1464453
-4.159946,-0.07500019,2.1401703
-4.159946,-0.07500019,2.1401703
-4.159946,-0.07500019,2.1401703
-4.159946,-0.07500019,2.1401703
-4.1398454,-0.07389644,2.1360478
-4.1398454,-0.07389644,2.1360478
-4.1398454,-0.07389644,2.1360478
-4.1398454,-0.07389644,2.1360478
-4.1398454,-0.07389644,2.1360478
-4.1398454,-0.07389644,2.1360478
-4.1398454,-0.07389644,2.1360478
-4.1398454,-0.07389644,2.1360478
-4.0465765,-0.071572915,2.1044416
-4.0411844,-0.07129899,2.1018105
-4.0411844,-0.07129899,2.1018105
-4.0066643,-0.069721065,2.088658
-3.9952078,-0.06917417,2.0839896
-3.9952078,-0.06917417,2.0839896
-3.9718757,-0.06837543,2.0752347
-3.9718757,-0.06837543,2.0752347
-3.9718757,-0.06837543,2.0752347
-3.9506652,-0.06710226,2.0660708
-3.9506652,-0.06710226,2.0660708
-3.9506652,-0.06710226,2.0660708
-3.9506652,-0.06710226,2.0660708
-3.9506652,-0.06710226,2.0660708
-3.9506652,-0.06710226,2.0660708
-3.8954225,-0.064712755,2.0416026
-3.8759527,-0.06356233,2.0345936
-3.856341,-0.06246692,2.027325
-3.856341,-0.06246692,2.027325
-3.856341,-0.06246692,2.027325
-3.8318706,-0.05831501,2.0216217
-3.8173904,-0.056819856,2.0154777
-3.8173904,-0.056819856,2.0154777
-3.7964325,-0.0560399,2.0052533
-3.7964325,-0.0560399,2.0052533
-3.7964325,-0.0560399,2.0052533
-3.773099,-0.056260437,1.9932798
-3.7605484,-0.05688572,1.9847887
-3.7605484,-0.05688572,1.9847887
-3.733007,-0.05302155,1.9779832
-3.733007,-0.05302155,1.9779832
-3.718682,-0.04729885,1.9676952
-3.718682,-0.04729885,1.9676952
-3.718682,-0.04729885,1.9676952
-3.718682,-0.04729885,1.9676952
-3.718682,-0.04729885,1.9676952
-3.718682,-0.04729885,1.9676952
-3.718682,-0.04729885,1.9676952
-3.6387608,-0.049695745,1.9446211
-3.6242542,-0.049358547,1.9398166
-3.6242542,-0.049358547,1.9398166
-3.5943356,-0.048252866,1.9222918
-3.5800822,-0.047622405,1.9159477
-3.5800822,-0.047622405,1.9159477
-3.557079,-0.0470808,1.9050853
-3.531543,-0.045248188,1.8918328
-3.531543,-0.045248188,1.8918328
-3.531543,-0.045248188,1.8918328
-3.5137644,-0.044082344,1.8814548
-3.5137644,-0.044082344,1.8814548
-3.5137644,-0.044082344,1.8814548
-3.5137644,-0.044082344,1.8814548
-3.460199,-0.040061384,1.8490965
-3.460199,-0.040061384,1.8490965
-3.4407349,-0.0387412,1.8390192
-3.4242074,-0.03761349,1.830312
-3.4242074,-0.03761349,1.830312
-3.4003336,-0.03537157,1.818607
-3.4003336,-0.03537157,1.818607
-3.38365,-0.03568738,1.8120024
-3.3639,-0.034834802,1.8012266
-3.3639,-0.034834802,1.8012266
-3.348441,-0.03370803,1.7942913
-3.348441,-0.03370803,1.7942913
-3.3306313,-0.032281503,1.788204
-3.3306313,-0.032281503,1.788204
-3.3095644,-0.03209942,1.7859559
-3.3095644,-0.03209942,1.7859559
-3.3095644,-0.03209942,1.7859559
-3.3095644,-0.03209942,1.7859559
-3.3095644,-0.03209942,1.7859559
-3.3095644,-0.03209942,1.7859559
-3.2417889,-0.03019476,1.7725358
-3.2274065,-0.029839993,1.7687588
-3.2128747,-0.028975308,1.764391
-3.2128747,-0.028975308,1.764391
-3.1818385,-0.02930899,1.757515
-3.1582155,-0.028210253,1.7512122
-3.1582155,-0.028210253,1.7512122
-3.1344314,-0.028588146,1.7454491
-3.1344314,-0.028588146,1.7454491
-3.1344314,-0.028588146,1.7454491
-3.1344314,-0.028588146,1.7454491
-3.1344314,-0.028588146,1.7454491
-3.0588074,-0.02750808,1.7312387
-3.0588074,-0.02750808,1.7312387
-3.0361378,-0.027155727,1.730164
-3.0361378,-0.027155727,1.730164
-3.0148666,-0.027767241,1.7323551
-3.0148666,-0.027767241,1.7323551
-2.9935315,-0.027620718,1.7320532
-2.9935315,-0.027620718,1.7320532
-2.9726596,-0.028307915,1.7321963
-2.9726596,-0.028307915,1.7321963
-2.9726596,-0.028307915,1.7321963
-2.92956,-0.028583579,1.7309531
-2.9223318,-0.02864787,1.7316422
-2.9223318,-0.02864787,1.7316422
-2.899652,-0.028053746,1.7317659
-2.899652,-0.028053746,1.7317659
-2.8621252,-0.029834375,1.7317765
-2.8621252,-0.029834375,1.7317765
-2.8621252,-0.029834375,1.7317765
-2.8621252,-0.029834375,1.7317765
-2.8621252,-0.029834375,1.7317765
-2.8621252,-0.029834375,1.7317765
-2.8621252,-0.029834375,1.7317765
-2.8621252,-0.029834375,1.7317765
-2.8621252,-0.029834375,1.7317765
-2.7738373,-0.02886974,1.7338825
-2.757965,-0.028422788,1.7332067
-2.7327325,-0.028773397,1.7364855
-2.7327325,-0.028773397,1.7364855
-2.7102294,-0.028037071,1.7378535
-2.6839442,-0.027235419,1.738523
-2.6839442,-0.027235419,1.738523
-2.6560063,-0.026033014,1.7405622
-2.6560063,-0.026033014,1.7405622
-2.6560063,-0.026033014,1.7405622
-2.6560063,-0.026033014,1.7405622
-2.6560063,-0.026033014,1.7405622
-2.5819294,-0.022066861,1.7393842
-2.5819294,-0.022066861,1.7393842
-2.5819294,-0.022066861,1.7393842
-2.5411048,-0.019458205,1.7348636
-2.5254354,-0.018584877,1.734112
-2.5254354,-0.018584877,1.734112
-2.5031836,-0.017231673,1.7338674
-2.5031836,-0.017231673,1.7338674
-2.5031836,-0.017231673,1.7338674
-2.4803257,-0.015970968,1.7344282
-2.4803257,-0.015970968,1.7344282
-2.4803257,-0.015970968,1.7344282
-2.4578195,-0.015753925,1.7359226
-2.435555,-0.015392117,1.7376003
-2.435555,-0.015392117,1.7376003
-2.435555,-0.015392117,1.7376003
-2.4071784,-0.014101267,1.7387044
-2.3848429,-0.01303374,1.737295
-2.3848429,-0.01303374,1.737295
-2.3848429,-0.01303374,1.737295
-2.3848429,-0.01303374,1.737295
-2.3848429,-0.01303374,1.737295
-2.3848429,-0.01303374,1.737295
-2.291061,-0.009538174,1.7077022
-2.291061,-0.009538174,1.7077022
-2.27325,-0.010426372,1.6990185
-2.27325,-0.010426372,1.6990185
-2.27325,-0.010426372,1.6990185
-2.27325,-0.010426372,1.6990185
-2.2417805,-0.010019235,1.6894882
-2.234471,-0.009817793,1.6877435
-2.234471,-0.009817793,1.6877435
-2.2081559,-0.008605957,1.6764228
-2.2081559,-0.008605957,1.6764228
-2.1886172,-0.007633716,1.6664379
-2.1886172,-0.007633716,1.6664379
-2.1886172,-0.007633716,1.6664379
-2.1886172,-0.007633716,1.6664379
-2.1886172,-0.007633716,1.6664379
-2.1463015,-0.00568454,1.6393702
-2.1463015,-0.00568454,1.6393702
-2.1231825,-0.005832627,1.6252629
-2.1231825,-0.005832627,1.6252629
-2.1105394,-0.0052425563,1.6174085
-2.1105394,-0.0052425563,1.6174085
-2.1105394,-0.0052425563,1.6174085
-2.1105394,-0.0052425563,1.6174085
-2.0890822,-0.0051721036,1.6008947
-2.0890822,-0.0051721036,1.6008947
-2.0765564,-0.004665315,1.5920298
-2.0765564,-0.004665315,1.5920298
-2.0765564,-0.004665315,1.5920298
-2.0511432,-0.005233556,1.5713493
-2.0452752,-0.004922084,1.5669222
-2.033898,-0.0052364767,1.5513053
-2.033898,-0.0052364767,1.5513053
-2.033898,-0.0052364767,1.5513053
-2.0134258,-0.0040936316,1.5324008
-2.0134258,-0.0040936316,1.5324008
-2.0134258,-0.0040936316,1.5324008
-2.0134258,-0.0040936316,1.5324008
-2.0134258,-0.0040936316,1.5324008
-2.0134258,-0.0040936316,1.5324008
-2.0134258,-0.0040936316,1.5324008
-2.0134258,-0.0040936316,1.5324008
-2.0134258,-0.0040936316,1.5324008
-1.9960731,-0.005147062,1.4287424
-1.9960731,-0.005147062,1.4287424
-1.9812073,-0.005136788,1.4123104
-1.9669932,-0.0048888326,1.3961037
-1.9669932,-0.0048888326,1.3961037
-1.9497913,-0.0031524003,1.3746295
-1.941028,-0.0025073213,1.3639823
-1.941028,-0.0025073213,1.3639823
-1.9259478,-0.00092848355,1.3426181
-1.9259478,-0.00092848355,1.3426181
-1.9259478,-0.00092848355,1.3426181
-1.9259478,-0.00092848355,1.3426181
-1.9041697,0.000449397,1.3093518
-1.9041697,0.000449397,1.3093518
-1.8929669,0.0017133135,1.2919486
-1.8929669,0.0017133135,1.2919486
-1.8929669,0.0017133135,1.2919486
-1.8776339,0.0029972948,1.2667304
-1.8748704,0.0035083592,1.2596581
-1.8748704,0.0035083592,1.2596581
-1.8748704,0.0035083592,1.2596581
-1.8637551,0.0044821203,1.2423347
-1.8558992,0.0049001058,1.2267853
-1.8558992,0.0049001058,1.2267853
-1.8464593,0.0052675307,1.2065815
-1.8464593,0.0052675307,1.2065815
-1.841715,0.0054743146,1.1931227
-1.841715,0.0054743146,1.1931227
-1.841715,0.0054743146,1.1931227
-1.830285,0.0056355377,1.1596776
-1.830285,0.0056355377,1.1596776
-1.830285,0.0056355377,1.1596776
-1.830285,0.0056355377,1.1596776
-1.830285,0.0056355377,1.1596776
-1.830285,0.0056355377,1.1596776
-1.830285,0.0056355377,1.1596776
-1.8014458,0.00782115,1.1089493
-1.788406,0.008735657,1.095249
-1.788406,0.008735657,1.095249
-1.7789801,0.0090710595,1.0865159
-1.7789801,0.0090710595,1.0865159
-1.7601422,0.01048249,1.0699823
-1.7601422,0.01048249,1.0699823
-1.7504985,0.010002881,1.0619462
-1.7504985,0.010002881,1.0619462
-1.7504985,0.010002881,1.0619462
-1.7504985,0.010002881,1.0619462
-1.7504985,0.010002881,1.0619462
-1.7122685,0.010816306,1.0320338
-1.7122685,0.010816306,1.0320338
-1.702744,0.010716356,1.0255872
-1.6882089,0.011708051,1.0126901
-1.6882089,0.011708051,1.0126901
-1.6781552,0.011917658,1.005525
-1.6781552,0.011917658,1.005525
-1.6631826,0.012465842,0.9921046
-1.6631826,0.012465842,0.9921046
-1.6433436,0.013841555,0.97342837
-1.6411984,0.013636328,0.9710348
-1.6411984,0.013636328,0.9710348
-1.6298871,0.014581807,0.959727
-1.6298871,0.014581807,0.959727
-1.6106658,0.015365332,0.9437052
-1.6106658,0.015365332,0.9437052
-1.6106658,0.015365332,0.9437052
-1.6106658,0.015365332,0.9437052
-1.6106658,0.015365332,0.9437052
-1.6106658,0.015365332,0.9437052
-1.6106658,0.015365332,0.9437052
-1.5550588,0.0179926,0.89800006
-1.5506567,0.018283635,0.8940613
-1.5371872,0.018952616,0.88457423
-1.5371872,0.018952616,0.88457423
-1.5371872,0.018952616,0.88457423
-1.5063471,0.022047408,0.8610224
-1.5063471,0.022047408,0.8610224
-1.4925029,0.023298055,0.8492134
-1.4925029,0.023298055,0.8492134
-1.4925029,0.023298055,0.8492134
-1.4925029,0.023298055,0.8492134
-1.4925029,0.023298055,0.8492134
-1.4925029,0.023298055,0.8492134
-1.4925029,0.023298055,0.8492134
-1.4507039,0.02473022,0.81774247
-1.4374838,0.025624022,0.8075249
-1.4374838,0.025624022,0.8075249
-1.422293,0.026182927,0.79756796
-1.422293,0.026182927,0.79756796
-1.4035577,0.026560605,0.78342116
-1.4035577,0.026560605,0.78342116
-1.390767,0.02705951,0.7714628
-1.390767,0.02705951,0.7714628
-1.3791056,0.028082654,0.7580222
-1.3791056,0.028082654,0.7580222
-1.3663105,0.028967142,0.7455472
-1.3663105,0.028967142,0.7455472
-1.3502359,0.030613907,0.73027396
-1.3502359,0.030613907,0.73027396
-1.3502359,0.030613907,0.73027396
-1.3502359,0.030613907,0.73027396
-1.3334414,0.031770058,0.7149671
-1.3334414,0.031770058,0.7149671
-1.3334414,0.031770058,0.7149671
-1.3334414,0.031770058,0.7149671
-1.3334414,0.031770058,0.7149671
-1.3334414,0.031770058,0.7149671
-1.2811661,0.033283398,0.6665728
-1.268247,0.032666013,0.65629786
-1.268247,0.032666013,0.65629786
-1.268247,0.032666013,0.65629786
-1.2549573,0.032623112,0.64494145
-1.2549573,0.032623112,0.64494145
-1.2549573,0.032623112,0.64494145
-1.2285714,0.032372057,0.62178475
-1.2285714,0.032372057,0.62178475
-1.2157537,0.032661438,0.61012954
-1.2157537,0.032661438,0.61012954
-1.2157537,0.032661438,0.61012954
-1.2157537,0.032661438,0.61012954
-1.2157537,0.032661438,0.61012954
-1.1679249,0.034593984,0.5693962
-1.1679249,0.034593984,0.5693962
-1.1534814,0.034983605,0.5572555
-1.1534814,0.034983605,0.5572555
-1.1311264,0.036461025,0.53272784
-1.1269945,0.03665699,0.5277307
-1.1269945,0.03665699,0.5277307
-1.1068083,0.038498193,0.50236577
-1.1021793,0.038632132,0.49697104
-1.1021793,0.038632132,0.49697104
-1.1021793,0.038632132,0.49697104
-1.0857487,0.040152676,0.47678065
-1.0857487,0.040152676,0.47678065
-1.0744995,0.041092552,0.45976588
-1.0744995,0.041092552,0.45976588
-1.0587968,0.04174669,0.4379163
-1.0587968,0.04174669,0.4379163
