-0.9322335,0.045680918,0.23330392
-0.9322335,0.045680918,0.23330392
-0.9322334,0.045682468,0.23332413
-0.9322334,0.045682468,0.23332413
-0.9322334,0.045682468,0.23332413
-0.9322985,0.045768917,0.23330384
-0.9322985,0.045768917,0.23330384
-0.9322985,0.045768917,0.23330384
-0.9322985,0.045768917,0.23330384
-0.93240064,0.045858532,0.23331249
-0.93240196,0.04586879,0.23331548
-0.93240196,0.04586879,0.23331548
-0.93240196,0.04586879,0.23331548
-0.93240196,0.04586879,0.23331548
-0.9325226,0.045963027,0.2333305
-0.9325226,0.045963027,0.2333305
-0.9325226,0.045963027,0.2333305
-0.9325493,0.04600081,0.23327392
-0.9325493,0.04600081,0.23327392
-0.9325493,0.04600081,0.23327392
-0.93178624,0.046106577,0.23175758
-0.93178624,0.046106577,0.23175758
-0.93178624,0.046106577,0.23175758
-0.92913264,0.04646936,0.22563547
-0.92497414,0.046812385,0.21718097
-0.92497414,0.046812385,0.21718097
-0.9208964,0.047378678,0.20779261
-0.9208964,0.047378678,0.20779261
-0.9208964,0.047378678,0.20779261
-0.9208964,0.047378678,0.20779261
-0.9208964,0.047378678,0.20779261
-0.9208964,0.047378678,0.20779261
-0.9208964,0.047378678,0.20779261
-0.9208964,0.047378678,0.20779261
-0.9208964,0.047378678,0.20779261
-0.9208964,0.047378678,0.20779261
-0.89043015,0.049640536,0.15033644
-0.89043015,0.049640536,0.15033644
-0.89043015,0.049640536,0.15033644
-0.885051,0.04982074,0.14023384
-0.885051,0.04982074,0.14023384
-0.885051,0.04982074,0.14023384
-0.885051,0.04982074,0.14023384
-0.86357784,0.051729262,0.10293025
-0.8539608,0.052433282,0.086782336
-0.8539608,0.052433282,0.086782336
-0.8539608,0.052433282,0.086782336
-0.8539608,0.052433282,0.086782336
-0.8539608,0.052433282,0.086782336
-0.82660854,0.054911435,0.036082447
-0.82660854,0.054911435,0.036082447
-0.82660854,0.054911435,0.036082447
-0.82660854,0.054911435,0.036082447
-0.8121714,0.056428887,0.007877542
-0.80622023,0.05713448,-0.0029498935
-0.80622023,0.05713448,-0.0029498935
-0.7972727,0.05788669,-0.019441843
-0.78890556,0.058020294,-0.036134243
-0.78890556,0.058020294,-0.036134243
-0.78890556,0.058020294,-0.036134243
-0.7801444,0.058484375,-0.05269611
-0.77162427,0.05913961,-0.068899274
-0.77162427,0.05913961,-0.068899274
-0.77162427,0.05913961,-0.068899274
-0.7601323,0.060079783,-0.09121722
-0.7601323,0.060079783,-0.09121722
-0.7601323,0.060079783,-0.09121722
-0.7601323,0.060079783,-0.09121722
-0.74705243,0.060877383,-0.119592726
-0.74705243,0.060877383,-0.119592726
-0.74705243,0.060877383,-0.119592726
-0.74705243,0.060877383,-0.119592726
-0.74705243,0.060877383,-0.119592726
-0.74705243,0.060877383,-0.119592726
-0.74705243,0.060877383,-0.119592726
-0.74705243,0.060877383,-0.119592726
-0.74705243,0.060877383,-0.119592726
-0.7181384,0.062426556,-0.18193993
-0.7181384,0.062426556,-0.18193993
-0.7101656,0.06275517,-0.19849265
-0.7101656,0.06275517,-0.19849265
-0.7020929,0.06274453,-0.21518433
-0.7020929,0.06274453,-0.21518433
-0.7020929,0.06274453,-0.21518433
-0.69427395,0.06284821,-0.2317316
-0.6859957,0.06235932,-0.2478495
-0.6859957,0.06235932,-0.2478495
-0.6756049,0.062262923,-0.26905578
-0.6756049,0.062262923,-0.26905578
-0.6756049,0.062262923,-0.26905578
-0.6756049,0.062262923,-0.26905578
-0.6756049,0.062262923,-0.26905578
-0.6756049,0.062262923,-0.26905578
-0.65515494,0.06302722,-0.3114032
-0.65515494,0.06302722,-0.3114032
-0.6494985,0.06335712,-0.32252085
-0.64300394,0.064242035,-0.33661014
-0.64300394,0.064242035,-0.33661014
-0.64300394,0.064242035,-0.33661014
-0.6329463,0.06542605,-0.3573317
-0.6278043,0.06582889,-0.36685342
-0.6278043,0.06582889,-0.36685342
-0.6196666,0.066474326,-0.38259935
-0.61323947,0.06710565,-0.39634556
-0.61323947,0.06710565,-0.39634556
-0.61323947,0.06710565,-0.39634556
-0.6025802,0.067661956,-0.41771635
-0.6025802,0.067661956,-0.41771635
-0.59399,0.06780186,-0.4327895
-0.59399,0.06780186,-0.4327895
-0.59399,0.06780186,-0.4327895
-0.59399,0.06780186,-0.4327895
-0.59399,0.06780186,-0.4327895
-0.59399,0.06780186,-0.4327895
-0.59399,0.06780186,-0.4327895
-0.59399,0.06780186,-0.4327895
-0.59399,0.06780186,-0.4327895
-0.59399,0.06780186,-0.4327895
-0.59399,0.06780186,-0.4327895
-0.5544277,0.06923694,-0.51082695
-0.5494461,0.06953606,-0.52126795
-0.5494461,0.06953606,-0.52126795
-0.53716373,0.070629925,-0.5456167
-0.53716373,0.070629925,-0.5456167
-0.5316764,0.07108164,-0.5555753
-0.52434677,0.0711115,-0.5705777
-0.52434677,0.0711115,-0.5705777
-0.5142713,0.07152963,-0.5907287
-0.5142713,0.07152963,-0.5907287
-0.5142713,0.07152963,-0.5907287
-0.5142713,0.07152963,-0.5907287
-0.49717927,0.073129565,-0.6189191
-0.48869747,0.07306281,-0.6332993
-0.47980744,0.07335028,-0.6477532
-0.47980744,0.07335028,-0.6477532
-0.47149694,0.074296,-0.6624028
-0.47149694,0.074296,-0.6624028
-0.47149694,0.074296,-0.6624028
-0.45976567,0.075142235,-0.6826181
-0.45976567,0.075142235,-0.6826181
-0.45224172,0.075754285,-0.6975058
-0.45224172,0.075754285,-0.6975058
-0.4435671,0.07643388,-0.71237284
-0.4435671,0.07643388,-0.71237284
-0.4435671,0.07643388,-0.71237284
-0.43542543,0.07646284,-0.7276561
-0.43542543,0.07646284,-0.7276561
-0.42305934,0.07721031,-0.74999446
-0.42305934,0.07721031,-0.74999446
-0.42305934,0.07721031,-0.74999446
-0.41694367,0.078132,-0.75902766
-0.41694367,0.078132,-0.75902766
-0.41694367,0.078132,-0.75902766
-0.41694367,0.078132,-0.75902766
-0.41694367,0.078132,-0.75902766
-0.41694367,0.078132,-0.75902766
-0.41694367,0.078132,-0.75902766
-0.38093328,0.07915586,-0.8210946
-0.38093328,0.07915586,-0.8210946
-0.37556222,0.07988046,-0.8302447
-0.3709008,0.08331576,-0.8445142
-0.3709008,0.08331576,-0.8445142
-0.3709008,0.08331576,-0.8445142
-0.3641979,0.08437821,-0.8570958
-0.35734057,0.085001685,-0.87060285
-0.35734057,0.085001685,-0.87060285
-0.35020763,0.08558166,-0.88348633
-0.35020763,0.08558166,-0.88348633
-0.3426996,0.08637172,-0.89713985
-0.3426996,0.08637172,-0.89713985
-0.3426996,0.08637172,-0.89713985
-0.3426996,0.08637172,-0.89713985
-0.3270439,0.08834714,-0.9290888
-0.3270439,0.08834714,-0.9290888
-0.3270439,0.08834714,-0.9290888
-0.3151676,0.0877102,-0.9558818
-0.3151676,0.0877102,-0.9558818
-0.30667353,0.087522626,-0.97458595
-0.30667353,0.087522626,-0.97458595
-0.30667353,0.087522626,-0.97458595
-0.30046588,0.08746892,-0.9915053
-0.30046588,0.08746892,-0.9915053
-0.2937357,0.08788048,-1.0060927
-0.2937357,0.08788048,-1.0060927
-0.28376475,0.08810003,-1.0261527
-0.28376475,0.08810003,-1.0261527
-0.27695537,0.08737138,-1.0407872
-0.27695537,0.08737138,-1.0407872
-0.27695537,0.08737138,-1.0407872
-0.26628152,0.088161066,-1.0652161
-0.26471996,0.08840892,-1.0707843
-0.26471996,0.08840892,-1.0707843
-0.26471996,0.08840892,-1.0707843
-0.26471996,0.08840892,-1.0707843
-0.26471996,0.08840892,-1.0707843
-0.26471996,0.08840892,-1.0707843
-0.2468365,0.08841559,-1.1156223
-0.2468365,0.08841559,-1.1156223
-0.2468365,0.08841559,-1.1156223
-0.24039255,0.08904344,-1.1274612
-0.24039255,0.08904344,-1.1274612
-0.234004,0.08929446,-1.1419339
-0.234004,0.08929446,-1.1419339
-0.234004,0.08929446,-1.1419339
-0.22208984,0.08959243,-1.1699874
-0.22208984,0.08959243,-1.1699874
-0.21375065,0.08946335,-1.1877432
-0.21375065,0.08946335,-1.1877432
-0.21375065,0.08946335,-1.1877432
-0.21375065,0.08946335,-1.1877432
-0.19906972,0.090157956,-1.2196641
-0.19906972,0.090157956,-1.2196641
-0.19671337,0.0899739,-1.2271762
-0.19118924,0.09041488,-1.2411385
-0.18515691,0.09000082,-1.2523241
-0.18515691,0.09000082,-1.2523241
-0.1755054,0.090291984,-1.2701495
-0.1755054,0.090291984,-1.2701495
-0.17280586,0.09027481,-1.2764599
-0.17280586,0.09027481,-1.2764599
-0.17280586,0.09027481,-1.2764599
-0.16494267,0.09098297,-1.2946973
-0.16494267,0.09098297,-1.2946973
-0.16032606,0.09139858,-1.3041706
-0.16032606,0.09139858,-1.3041706
-0.15418272,0.09182665,-1.3182838
-0.15418272,0.09182665,-1.3182838
-0.15418272,0.09182665,-1.3182838
-0.15418272,0.09182665,-1.3182838
-0.1462227,0.0915837,-1.334194
-0.1462227,0.0915837,-1.334194
-0.1462227,0.0915837,-1.334194
-0.1462227,0.0915837,-1.334194
-0.1462227,0.0915837,-1.334194
-0.1462227,0.0915837,-1.334194
-0.1462227,0.0915837,-1.334194
-0.1462227,0.0915837,-1.334194
-0.12110579,0.09151974,-1.3818793
-0.12110579,0.09151974,-1.3818793
-0.113967046,0.09115662,-1.3959956
-0.113967046,0.09115662,-1.3959956
-0.109270096,0.091279194,-1.4106479
-0.109270096,0.091279194,-1.4106479
-0.10146153,0.09174007,-1.4287381
-0.10146153,0.09174007,-1.4287381
-0.09502818,0.09214914,-1.4426308
-0.0886877,0.092387915,-1.45628
-0.0886877,0.092387915,-1.45628
-0.0886877,0.092387915,-1.45628
-0.0886877,0.092387915,-1.45628
-0.0886877,0.092387915,-1.45628
-0.0886877,0.092387915,-1.45628
-0.06598908,0.09455562,-1.5033407
-0.06598908,0.09455562,-1.5033407
-0.05915144,0.0947769,-1.5173821
-0.05915144,0.0947769,-1.5173821
-0.048171654,0.09539378,-1.5403192
-0.045917794,0.09554595,-1.544899
-0.045917794,0.09554595,-1.544899
-0.045917794,0.09554595,-1.544899
-0.045917794,0.09554595,-1.544899
-0.03637567,0.09628317,-1.5641346
-0.029090814,0.09674538,-1.5784235
-0.022629082,0.09763715,-1.5927973
-0.022629082,0.09763715,-1.5927973
-0.014906868,0.09807864,-1.6065571
-0.014906868,0.09807864,-1.6065571
-0.00466758,0.09843388,-1.6245534
-0.00466758,0.09843388,-1.6245534
-0.00466758,0.09843388,-1.6245534
-0.00466758,0.09843388,-1.6245534
-0.00466758,0.09843388,-1.6245534
-0.00466758,0.09843388,-1.6245534
-0.00466758,0.09843388,-1.6245534
-0.00466758,0.09843388,-1.6245534
0.015866287,0.10056381,-1.6736455
0.019910857,0.10096968,-1.682306
0.024954908,0.10113878,-1.6913455
0.024954908,0.10113878,-1.6913455
0.038974464,0.10193795,-1.7109599
0.038974464,0.10193795,-1.7109599
0.04621508,0.10200988,-1.718435
0.04621508,0.10200988,-1.718435
0.04621508,0.10200988,-1.718435
0.05674257,0.10287672,-1.7275305
0.05674257,0.10287672,-1.7275305
0.05674257,0.10287672,-1.7275305
0.05674257,0.10287672,-1.7275305
0.05674257,0.10287672,-1.7275305
0.05674257,0.10287672,-1.7275305
0.05674257,0.10287672,-1.7275305
0.0907356,0.10433026,-1.7603836
0.0907356,0.10433026,-1.7603836
0.0907356,0.10433026,-1.7603836
0.09891169,0.104764596,-1.7733542
0.09891169,0.104764596,-1.7733542
0.09891169,0.104764596,-1.7733542
0.11069254,0.1060211,-1.7932463
0.11315131,0.106156215,-1.7977853
0.11315131,0.106156215,-1.7977853
0.11315131,0.106156215,-1.7977853
0.11315131,0.106156215,-1.7977853
0.124265425,0.10669039,-1.8167646
0.1275145,0.10628103,-1.824924
0.1275145,0.10628103,-1.824924
0.1325289,0.10666963,-1.8377569
0.1325289,0.10666963,-1.8377569
0.13956793,0.107505076,-1.8543613
0.13956793,0.107505076,-1.8543613
0.14769138,0.10760013,-1.8742993
0.14769138,0.10760013,-1.8742993
0.14769138,0.10760013,-1.8742993
0.14769138,0.10760013,-1.8742993
0.14769138,0.10760013,-1.8742993
0.14769138,0.10760013,-1.8742993
0.14769138,0.10760013,-1.8742993
0.1654193,0.10806435,-1.9263366
0.1705065,0.10818331,-1.9411681
0.1705065,0.10818331,-1.9411681
0.1705065,0.10818331,-1.9411681
0.17611352,0.1086104,-1.9625773
0.1809665,0.10851458,-1.9775574
0.1809665,0.10851458,-1.9775574
0.1851988,0.108739585,-1.9933102
0.1851988,0.108739585,-1.9933102
0.1918671,0.10793265,-2.0140524
0.1918671,0.10793265,-2.0140524
0.1918671,0.10793265,-2.0140524
0.1918671,0.10793265,-2.0140524
0.20236878,0.108575374,-2.0548973
0.2051861,0.10860708,-2.0662262
0.2051861,0.10860708,-2.0662262
0.2107937,0.10845401,-2.0844278
0.2107937,0.10845401,-2.0844278
0.21621358,0.10900321,-2.1074986
0.21621358,0.10900321,-2.1074986
0.21621358,0.10900321,-2.1074986
0.22615317,0.10913585,-2.1405778
0.22615317,0.10913585,-2.1405778
0.23120454,0.10878031,-2.1572819
0.23120454,0.10878031,-2.1572819
0.23857054,0.10936305,-2.1786764
0.23857054,0.10936305,-2.1786764
0.24350466,0.10958621,-2.1944919
0.24350466,0.10958621,-2.1944919
0.24798207,0.10943871,-2.20961
0.24798207,0.10943871,-2.20961
0.24798207,0.10943871,-2.20961
0.24798207,0.10943871,-2.20961
0.24798207,0.10943871,-2.20961
0.24798207,0.10943871,-2.20961
0.24798207,0.10943871,-2.20961
0.26808363,0.110263154,-2.275725
0.26808363,0.110263154,-2.275725
0.26808363,0.110263154,-2.275725
0.26808363,0.110263154,-2.275725
0.27430922,0.11077894,-2.2961636
0.27668396,0.11012349,-2.3045943
0.27668396,0.11012349,-2.3045943
0.28201115,0.110618256,-2.3253832
0.28201115,0.110618256,-2.3253832
0.28445303,0.110299826,-2.3397653
0.2877569,0.11080931,-2.3547142
0.2877569,0.11080931,-2.3547142
0.2877569,0.11080931,-2.3547142
0.2877569,0.11080931,-2.3547142
0.29578823,0.111606374,-2.3832014
0.29757965,0.11178446,-2.3982153
0.29970026,0.112290025,-2.413474
0.29970026,0.112290025,-2.413474
0.29970026,0.112290025,-2.413474
0.3019976,0.11231786,-2.4321039
0.3019976,0.11231786,-2.4321039
0.30396155,0.11226277,-2.4465952
0.30396155,0.11226277,-2.4465952
0.30396155,0.11226277,-2.4465952
0.30396155,0.11226277,-2.4465952
0.30615115,0.111300126,-2.4774694
0.30615115,0.111300126,-2.4774694
0.3081108,0.11106111,-2.4988182
0.3081108,0.11106111,-2.4988182
0.3081108,0.11106111,-2.4988182
0.3081108,0.11106111,-2.4988182
0.3081082,0.11097804,-2.5140972
0.3081082,0.11097804,-2.5140972
0.3081082,0.11097804,-2.5140972
0.3081082,0.11097804,-2.5140972
0.3081082,0.11097804,-2.5140972
0.3081082,0.11097804,-2.5140972
0.3081082,0.11097804,-2.5140972
0.3130582,0.112396434,-2.5801322
0.3130582,0.112396434,-2.5801322
0.31522214,0.113027096,-2.6064935
0.31522214,0.113027096,-2.6064935
0.31522214,0.113027096,-2.6064935
0.31522214,0.113027096,-2.6064935
0.31522214,0.113027096,-2.6064935
0.31735158,0.11391348,-2.6442664
0.31735158,0.11391348,-2.6442664
0.31858656,0.11419771,-2.6599894
0.31858656,0.11419771,-2.6599894
0.31858656,0.11419771,-2.6599894
0.31858656,0.11419771,-2.6599894
0.31858656,0.11419771,-2.6599894
0.31858656,0.11419771,-2.6599894
0.3172881,0.11449611,-2.7063842
0.3157528,0.11418404,-2.722819
0.3157528,0.11418404,-2.722819
0.31512594,0.113876626,-2.744849
0.31512594,0.113876626,-2.744849
0.31512594,0.113876626,-2.744849
0.31508148,0.114131555,-2.7611938
0.31482115,0.11418639,-2.7784538
0.31482115,0.11418639,-2.7784538
0.31482115,0.11418639,-2.7784538
0.31489557,0.11510932,-2.8016238
0.31468493,0.11526866,-2.8182714
0.31468493,0.11526866,-2.8182714
0.31387293,0.115529545,-2.835319
0.31323186,0.11548279,-2.8534698
0.31323186,0.11548279,-2.8534698
0.31323186,0.11548279,-2.8534698
0.31323186,0.11548279,-2.8534698
0.31323186,0.11548279,-2.8534698
0.31323186,0.11548279,-2.8534698
0.31323186,0.11548279,-2.8534698
0.31323186,0.11548279,-2.8534698
0.31323186,0.11548279,-2.8534698
0.30519405,0.11767416,-2.9445558
0.30519405,0.11767416,-2.9445558
0.30359814,0.117877126,-2.9609683
0.3019297,0.11861661,-2.9770136
0.3019297,0.11861661,-2.9770136
0.30013436,0.119157284,-2.9934487
0.30013436,0.119157284,-2.9934487
0.298487,0.11989573,-3.0096703
0.298487,0.11989573,-3.0096703
0.298487,0.11989573,-3.0096703
0.298487,0.11989573,-3.0096703
0.298487,0.11989573,-3.0096703
0.2932885,0.12130002,-3.062695
0.2932885,0.12130002,-3.062695
0.29146594,0.12145186,-3.079494
0.29146594,0.12145186,-3.079494
0.28809875,0.121448316,-3.1062443
0.28756502,0.12142757,-3.1119585
0.28756502,0.12142757,-3.1119585
0.28329,0.12200599,-3.1385548
0.28329,0.12200599,-3.1385548
0.27945185,0.12227176,-3.1590786
0.27802855,0.12226139,-3.1638818
0.27316603,0.122413725,-3.1805081
0.27316603,0.122413725,-3.1805081
0.27316603,0.122413725,-3.1805081
0.26648012,0.121657945,-3.2041502
0.26648012,0.121657945,-3.2041502
0.26648012,0.121657945,-3.2041502
0.26648012,0.121657945,-3.2041502
0.26648012,0.121657945,-3.2041502
0.26648012,0.121657945,-3.2041502
0.26648012,0.121657945,-3.2041502
0.26648012,0.121657945,-3.2041502
0.26648012,0.121657945,-3.2041502
0.25024083,0.121635966,-3.2628195
0.2471293,0.121783875,-3.2732542
0.2471293,0.121783875,-3.2732542
0.2471293,0.121783875,-3.2732542
0.24246687,0.12089045,-3.2906353
0.24246687,0.12089045,-3.2906353
0.24246687,0.12089045,-3.2906353
0.23900175,0.12085701,-3.3038657
0.23900175,0.12085701,-3.3038657
0.23557249,0.12113573,-3.3179562
0.23557249,0.12113573,-3.3179562
0.23230922,0.12035477,-3.330644
0.23230922,0.12035477,-3.330644
0.23230922,0.12035477,-3.330644
0.23230922,0.12035477,-3.330644
0.2214406,0.120491534,-3.3673146
0.2214406,0.120491534,-3.3673146
0.21851343,0.12045357,-3.375922
0.21851343,0.12045357,-3.375922
0.21407259,0.12057491,-3.3898132
0.20992316,0.120829,-3.4074538
0.20992316,0.120829,-3.4074538
0.20992316,0.120829,-3.4074538
0.20992316,0.120829,-3.4074538
0.20474857,0.12096296,-3.4270256
0.20219064,0.12104288,-3.4371011
0.17916596,0.14247057,-3.478041
0.17916596,0.14247057,-3.478041
0.1727878,0.1429929,-3.4971807
0.1727878,0.1429929,-3.4971807
0.16811973,0.14329499,-3.5116441
0.16811973,0.14329499,-3.5116441
0.16329116,0.1431338,-3.5233767
0.16329116,0.1431338,-3.5233767
0.16329116,0.1431338,-3.5233767
0.16329116,0.1431338,-3.5233767
0.16329116,0.1431338,-3.5233767
0.16329116,0.1431338,-3.5233767
0.16329116,0.1431338,-3.5233767
0.14344825,0.14304963,-3.5692642
0.13924992,0.14324512,-3.5781467
0.13376461,0.14282614,-3.590575
0.13376461,0.14282614,-3.590575
0.12824965,0.14295901,-3.6035016
0.12824965,0.14295901,-3.6035016
0.12241343,0.14241372,-3.615298
0.11661885,0.14199616,-3.627806
0.11110461,0.14209126,-3.6386325
0.11110461,0.14209126,-3.6386325
0.11110461,0.14209126,-3.6386325
0.11110461,0.14209126,-3.6386325
0.09698262,0.14138004,-3.6628258
0.090060785,0.1412161,-3.6748016
0.090060785,0.1412161,-3.6748016
0.08422086,0.14112894,-3.6839921
0.07721993,0.14113793,-3.695288
0.07721993,0.14113793,-3.695288
0.068274,0.14180563,-3.7069938
0.068274,0.14180563,-3.7069938
0.068274,0.14180563,-3.7069938
0.05459737,0.14242104,-3.7303932
0.05459737,0.14242104,-3.7303932
0.04805591,0.14263643,-3.7420084
0.04805591,0.14263643,-3.7420084
0.04045075,0.14287616,-3.7565472
0.04045075,0.14287616,-3.7565472
0.04045075,0.14287616,-3.7565472
0.04045075,0.14287616,-3.7565472
0.04045075,0.14287616,-3.7565472
0.04045075,0.14287616,-3.7565472
0.04045075,0.14287616,-3.7565472
0.04045075,0.14287616,-3.7565472
0.04045075,0.14287616,-3.7565472
0.0029432178,0.14377224,-3.8199384
0.0029432178,0.14377224,-3.8199384
-0.0055029616,0.14381532,-3.831691
-0.0055029616,0.14381532,-3.831691
-0.019192256,0.14440711,-3.850094
-0.024648055,0.14476474,-3.8576434
-0.024648055,0.14476474,-3.8576434
-0.033801854,0.14496128,-3.8692162
-0.033801854,0.14496128,-3.8692162
-0.033801854,0.14496128,-3.8692162
-0.033801854,0.14496128,-3.8692162
-0.033801854,0.14496128,-3.8692162
-0.057960667,0.14439869,-3.904627
-0.057960667,0.14439869,-3.904627
-0.057960667,0.14439869,-3.904627
-0.07202257,0.14463703,-3.9237978
-0.07773735,0.14462796,-3.9317548
-0.07773735,0.14462796,-3.9317548
-0.08730888,0.14534913,-3.9442184
-0.09587626,0.14562859,-3.955406
-0.09587626,0.14562859,-3.955406
-0.09587626,0.14562859,-3.955406
-0.09587626,0.14562859,-3.955406
-0.10769622,0.14578336,-3.9707265
-0.113273814,0.14576216,-3.9780128
-0.113273814,0.14576216,-3.9780128
-0.12567382,0.14637978,-3.9924452
-0.12567382,0.14637978,-3.9924452
-0.13892418,0.14640234,-4.007979
-0.13892418,0.14640234,-4.007979
-0.13892418,0.14640234,-4.007979
-0.13892418,0.14640234,-4.007979
-0.13892418,0.14640234,-4.007979
-0.13892418,0.14640234,-4.007979
-0.13892418,0.14640234,-4.007979
-0.17530479,0.14649092,-4.0515156
-0.17530479,0.14649092,-4.0515156
-0.18497224,0.1467068,-4.0626025
-0.18497224,0.1467068,-4.0626025
-0.18497224,0.1467068,-4.0626025
-0.19519185,0.14667198,-4.0734787
-0.20507145,0.14647986,-4.0845685
-0.20507145,0.14647986,-4.0845685
-0.21509671,0.14640608,-4.094325
-0.21509671,0.14640608,-4.094325
-0.22778687,0.14612608,-4.1071877
-0.22778687,0.14612608,-4.1071877
-0.22778687,0.14612608,-4.1071877
-0.22778687,0.14612608,-4.1071877
-0.22778687,0.14612608,-4.1071877
-0.25305718,0.14560567,-4.136882
-0.26286775,0.1454134,-4.1467648
-0.26621592,0.14532034,-4.150054
-0.26621592,0.14532034,-4.150054
-0.26621592,0.14532034,-4.150054
-0.26621592,0.14532034,-4.150054
-0.27540752,0.1452768,-4.158588
-0.2847257,0.14497435,-4.169268
-0.2847257,0.14497435,-4.169268
-0.2847257,0.14497435,-4.169268
-0.2847257,0.14497435,-4.169268
-0.29628327,0.14464518,-4.182875
-0.3057608,0.14457603,-4.1925926
-0.314017,0.14402978,-4.201376
-0.314017,0.14402978,-4.201376
-0.3232937,0.14391851,-4.210295
-0.3232937,0.14391851,-4.210295
-0.3232937,0.14391851,-4.210295
-0.3232937,0.14391851,-4.210295
-0.3232937,0.14391851,-4.210295
-0.3232937,0.14391851,-4.210295
-0.3232937,0.14391851,-4.210295
-0.3232937,0.14391851,-4.210295
-0.3232937,0.14391851,-4.210295
-0.3232937,0.14391851,-4.210295
-0.3232937,0.14391851,-4.210295
-0.3232937,0.14391851,-4.210295
-0.3232937,0.14391851,-4.210295
-0.3818754,0.14210916,-4.261121
-0.39279628,0.14261629,-4.2699213
-0.39279628,0.14261629,-4.2699213
-0.4036606,0.14258695,-4.2775583
-0.4036606,0.14258695,-4.2775583
-0.41846302,0.14324415,-4.288658
-0.41846302,0.14324415,-4.288658
-0.42553878,0.14326523,-4.2938166
-0.42553878,0.14326523,-4.2938166
-0.43600982,0.14346638,-4.302263
-0.43600982,0.14346638,-4.302263
-0.43600982,0.14346638,-4.302263
-0.43600982,0.14346638,-4.302263
-0.46383816,0.143412,-4.322412
-0.47223145,0.14372577,-4.327552
-0.47223145,0.14372577,-4.327552
-0.47223145,0.14372577,-4.327552
-0.48382694,0.14370508,-4.335338
-0.48382694,0.14370508,-4.335338
-0.49506426,0.1439629,-4.343748
-0.49506426,0.1439629,-4.343748
-0.50492954,0.14389664,-4.3535953
-0.50492954,0.14389664,-4.3535953
-0.5145812,0.1439853,-4.364968
-0.5145812,0.1439853,-4.364968
-0.5145812,0.1439853,-4.364968
-0.5257086,0.14427134,-4.374415
-0.5257086,0.14427134,-4.374415
-0.5257086,0.14427134,-4.374415
-0.5401521,0.14412943,-4.385273
-0.5401521,0.14412943,-4.385273
-0.5401521,0.14412943,-4.385273
-0.55222774,0.1439658,-4.3945966
-0.55222774,0.1439658,-4.3945966
-0.5657415,0.14405319,-4.4034348
-0.5657415,0.14405319,-4.4034348
-0.5657415,0.14405319,-4.4034348
-0.5657415,0.14405319,-4.4034348
-0.5657415,0.14405319,-4.4034348
-0.5657415,0.14405319,-4.4034348
-0.5657415,0.14405319,-4.4034348
-0.5657415,0.14405319,-4.4034348
-0.5657415,0.14405319,-4.4034348
-0.5657415,0.14405319,-4.4034348
-0.6274503,0.14246216,-4.4404435
-0.6315434,0.14230649,-4.442975
-0.6315434,0.14230649,-4.442975
-0.6484306,0.14095604,-4.4528165
-0.66081685,0.14053626,-4.459726
-0.66081685,0.14053626,-4.459726
-0.673637,0.14024879,-4.467048
-0.673637,0.14024879,-4.467048
-0.673637,0.14024879,-4.467048
-0.673637,0.14024879,-4.467048
-0.673637,0.14024879,-4.467048
-0.673637,0.14024879,-4.467048
-0.7164296,0.13949585,-4.489054
-0.7164296,0.13949585,-4.489054
-0.7339669,0.13915402,-4.4973583
-0.7339669,0.13915402,-4.4973583
-0.7424827,0.13881502,-4.501593
-0.7424827,0.13881502,-4.501593
-0.7424827,0.13881502,-4.501593
-0.7549939,0.13796131,-4.5076184
-0.77161044,0.1375355,-4.5144916
-0.77161044,0.1375355,-4.5144916
-0.77161044,0.1375355,-4.5144916
-0.77161044,0.1375355,-4.5144916
-0.79662526,0.1359737,-4.525959
-0.79662526,0.1359737,-4.525959
-0.79662526,0.1359737,-4.525959
-0.8091019,0.13543136,-4.5313344
-0.8091019,0.13543136,-4.5313344
-0.8276473,0.13468315,-4.5406117
-0.8276473,0.13468315,-4.5406117
-0.8276473,0.13468315,-4.5406117
-0.8276473,0.13468315,-4.5406117
-0.8276473,0.13468315,-4.5406117
-0.8276473,0.13468315,-4.5406117
-0.8276473,0.13468315,-4.5406117
-0.87141466,0.13412009,-4.568653
-0.87906617,0.13380778,-4.5732393
-0.87906617,0.13380778,-4.5732393
-0.87906617,0.13380778,-4.5732393
-0.89541703,0.13344948,-4.580703
-0.89541703,0.13344948,-4.580703
-0.89541703,0.13344948,-4.580703
-0.91261464,0.13350073,-4.5890265
-0.92096764,0.13349569,-4.5931144
-0.92096764,0.13349569,-4.5931144
-0.92096764,0.13349569,-4.5931144
-0.93871826,0.13360965,-4.601111
-0.93871826,0.13360965,-4.601111
-0.93871826,0.13360965,-4.601111
-0.93871826,0.13360965,-4.601111
-0.93871826,0.13360965,-4.601111
-0.93871826,0.13360965,-4.601111
-0.9723092,0.13330328,-4.6112294
-0.9723092,0.13330328,-4.6112294
-0.9857382,0.13334307,-4.6141133
-0.9857382,0.13334307,-4.6141133
-0.99651283,0.13321108,-4.6178646
-0.99651283,0.13321108,-4.6178646
-1.0101801,0.13373104,-4.6216025
-1.0101801,0.13373104,-4.6216025
-1.0282712,0.13351035,-4.626726
-1.0282712,0.13351035,-4.626726
-1.0411558,0.13353103,-4.630107
-1.0411558,0.13353103,-4.630107
-1.0411558,0.13353103,-4.630107
-1.0544529,0.13351983,-4.6337123
-1.0668505,0.13368203,-4.636657
-1.0668505,0.13368203,-4.636657
-1.078884,0.13408633,-4.639217
-1.078884,0.13408633,-4.639217
-1.0947664,0.13449998,-4.6426454
-1.0947664,0.13449998,-4.6426454
-1.0947664,0.13449998,-4.6426454
-1.0947664,0.13449998,-4.6426454
-1.0947664,0.13449998,-4.6426454
-1.0947664,0.13449998,-4.6426454
-1.0947664,0.13449998,-4.6426454
-1.0947664,0.13449998,-4.6426454
-1.0947664,0.13449998,-4.6426454
-1.1567315,0.13644499,-4.656931
-1.1567315,0.13644499,-4.656931
-1.1567315,0.13644499,-4.656931
-1.1689833,0.13677138,-4.6610856
-1.1689833,0.13677138,-4.6610856
-1.1689833,0.13677138,-4.6610856
-1.190169,0.13704522,-4.666993
-1.2005919,0.136963,-4.669894
-1.2005919,0.136963,-4.669894
-1.2005919,0.136963,-4.669894
-1.2132709,0.137298,-4.672711
-1.2132709,0.137298,-4.672711
-1.2132709,0.137298,-4.672711
-1.2132709,0.137298,-4.672711
-1.2132709,0.137298,-4.672711
-1.241863,0.13794594,-4.6793094
-1.2546304,0.1389398,-4.6828575
-1.2546304,0.1389398,-4.6828575
-1.2684627,0.13874432,-4.686444
-1.2684627,0.13874432,-4.686444
-1.2684627,0.13874432,-4.686444
-1.286058,0.13864176,-4.6904573
-1.286058,0.13864176,-4.6904573
-1.2944841,0.13882898,-4.692034
-1.2944841,0.13882898,-4.692034
-1.3130013,0.13925315,-4.6958137
-1.3130013,0.13925315,-4.6958137
-1.3265631,0.13944149,-4.6990776
-1.3265631,0.13944149,-4.6990776
-1.3265631,0.13944149,-4.6990776
-1.3410137,0.13988014,-4.70214
-1.3410137,0.13988014,-4.70214
-1.3548431,0.13982727,-4.705596
-1.3548431,0.13982727,-4.705596
-1.3726591,0.13979135,-4.71027
-1.3726591,0.13979135,-4.71027
-1.3726591,0.13979135,-4.71027
-1.3726591,0.13979135,-4.71027
-1.3726591,0.13979135,-4.71027
-1.3726591,0.13979135,-4.71027
-1.3726591,0.13979135,-4.71027
-1.4365251,0.13820606,-4.724703
-1.4459877,0.138084,-4.726177
-1.4459877,0.138084,-4.726177
-1.4459877,0.138084,-4.726177
-1.4654849,0.13766743,-4.7295375
-1.474981,0.13755892,-4.7314067
-1.474981,0.13755892,-4.7314067
-1.474981,0.13755892,-4.7314067
-1.4904075,0.13712673,-4.7342944
-1.4904075,0.13712673,-4.7342944
-1.5118979,0.13660555,-4.737923
-1.5118979,0.13660555,-4.737923
-1.5118979,0.13660555,-4.737923
-1.5428789,0.13548224,-4.742999
-1.5428789,0.13548224,-4.742999
-1.5584378,0.13486546,-4.7447567
-1.5584378,0.13486546,-4.7447567
-1.583184,0.13362363,-4.748184
-1.5919302,0.13308589,-4.7489185
-1.5919302,0.13308589,-4.7489185
-1.6115019,0.13227509,-4.750222
-1.6205748,0.13156402,-4.75099
-1.6205748,0.13156402,-4.75099
-1.6358974,0.13063955,-4.752323
-1.6358974,0.13063955,-4.752323
-1.6495366,0.12944205,-4.7532783
-1.6495366,0.12944205,-4.7532783
-1.6709913,0.1284758,-4.7556763
-1.6709913,0.1284758,-4.7556763
-1.6853708,0.1276513,-4.756959
-1.6853708,0.1276513,-4.756959
-1.6853708,0.1276513,-4.756959
-1.6853708,0.1276513,-4.756959
-1.6853708,0.1276513,-4.756959
-1.7448009,0.1254037,-4.7641206
-1.7619677,0.124654934,-4.7660933
-1.7619677,0.124654934,-4.7660933
-1.7868936,0.12312149,-4.7692966
-1.7868936,0.12312149,-4.7692966
-1.7987481,0.12242867,-4.7705407
-1.8163735,0.12197277,-4.772016
-1.8163735,0.12197277,-4.772016
-1.8397756,0.12073879,-4.7743545
-1.8397756,0.12073879,-4.7743545
-1.8397756,0.12073879,-4.7743545
-1.8397756,0.12073879,-4.7743545
-1.8397756,0.12073879,-4.7743545
-1.889389,0.11902963,-4.7804866
-1.896229,0.118683614,-4.78119
-1.9143639,0.118227914,-4.7832117
-1.9349556,0.117470376,-4.7857027
-1.9349556,0.117470376,-4.7857027
-1.9349556,0.117470376,-4.7857027
-1.9349556,0.117470376,-4.7857027
-1.9531529,0.116889656,-4.788425
-1.9800303,0.11596052,-4.790805
-1.9800303,0.11596052,-4.790805
-1.9800303,0.11596052,-4.790805
-1.5345439,0.10513658,-4.1447177
-1.5345439,0.10513658,-4.1447177
-1.5378166,0.10448791,-4.1252785
-1.5378166,0.10448791,-4.1252785
-1.5678041,0.10348438,-4.126128
-1.5678041,0.10348438,-4.126128
-1.5678041,0.10348438,-4.126128
-1.5678041,0.10348438,-4.126128
-1.5678041,0.10348438,-4.126128
-1.5678041,0.10348438,-4.126128
-1.5678041,0.10348438,-4.126128
-1.5678041,0.10348438,-4.126128
-2.1570017,0.113181524,-4.8044133
-2.1718252,0.11406857,-4.804426
-2.1718252,0.11406857,-4.804426
-2.1718252,0.11406857,-4.804426
-2.1869457,0.11483155,-4.8045487
-2.2025833,0.114373416,-4.804462
-2.2025833,0.114373416,-4.804462
-2.226015,0.112736106,-4.8039594
-2.226015,0.112736106,-4.8039594
-2.226015,0.112736106,-4.8039594
-2.226015,0.112736106,-4.8039594
-2.226015,0.112736106,-4.8039594
-2.2788858,0.11273554,-4.801491
-2.2788858,0.11273554,-4.801491
-2.2973335,0.11298573,-4.800387
-2.315635,0.11327258,-4.799194
-2.315635,0.11327258,-4.799194
-2.3397498,0.112546846,-4.7981586
-2.3528814,0.112369224,-4.797394
-2.3528814,0.112369224,-4.797394
-2.3777308,0.11193753,-4.796275
-2.3777308,0.11193753,-4.796275
-2.3900971,0.11178036,-4.79592
-2.3900971,0.11178036,-4.79592
-2.3900971,0.11178036,-4.79592
-2.4147184,0.110661745,-4.79573
-2.4147184,0.110661745,-4.79573
-2.4333637,0.11013947,-4.7958922
-2.4511242,0.10928058,-4.7961264
-2.4511242,0.10928058,-4.7961264
-2.4511242,0.10928058,-4.7961264
-2.4511242,0.10928058,-4.7961264
-2.4511242,0.10928058,-4.7961264
-2.4511242,0.10928058,-4.7961264
-2.4511242,0.10928058,-4.7961264
-2.5089555,0.108508416,-4.795581
-2.527492,0.107922554,-4.796742
-2.5464177,0.107577994,-4.798258
-2.5464177,0.107577994,-4.798258
-2.5656135,0.106774956,-4.799458
-2.5844226,0.10672487,-4.8000884
-2.5844226,0.10672487,-4.8000884
-2.6021354,0.10621421,-4.801803
-2.6021354,0.10621421,-4.801803
-2.6021354,0.10621421,-4.801803
-2.6021354,0.10621421,-4.801803
-2.6021354,0.10621421,-4.801803
-2.6021354,0.10621421,-4.801803
-2.6627345,0.104747,-4.807627
-2.68132,0.10452211,-4.8082957
-2.68132,0.10452211,-4.8082957
-2.6991966,0.10391788,-4.809686
-2.6991966,0.10391788,-4.809686
-2.7167068,0.103617795,-4.810569
-2.7167068,0.103617795,-4.810569
-2.7461152,0.10241024,-4.8131356
-2.7461152,0.10241024,-4.8131356
-2.7758386,0.101341546,-4.8115287
-2.7758386,0.101341546,-4.8115287
-2.7941477,0.101129256,-4.8083506
-2.7941477,0.101129256,-4.8083506
-2.8202085,0.100142494,-4.804343
-2.8202085,0.100142494,-4.804343
-2.8202085,0.100142494,-4.804343
-2.8202085,0.100142494,-4.804343
-2.8202085,0.100142494,-4.804343
-2.8202085,0.100142494,-4.804343
-2.8202085,0.100142494,-4.804343
-2.8202085,0.100142494,-4.804343
-2.8810587,0.09788117,-4.803131
-2.900119,0.097524084,-4.8033953
-2.900119,0.097524084,-4.8033953
-2.9241996,0.097662315,-4.803331
-2.9367783,0.09747884,-4.803332
-2.9367783,0.09747884,-4.803332
-2.961849,0.09715079,-4.8036404
-2.961849,0.09715079,-4.8036404
-2.9815595,0.096683174,-4.8033032
-2.9815595,0.096683174,-4.8033032
-2.9815595,0.096683174,-4.8033032
-2.9815595,0.096683174,-4.8033032
-2.9815595,0.096683174,-4.8033032
-3.0347865,0.095763035,-4.8039336
-3.0347865,0.095763035,-4.8039336
-3.0552332,0.09551406,-4.8042445
-3.062678,0.095397234,-4.804226
-3.062678,0.095397234,-4.804226
-3.0891185,0.09513898,-4.804654
-3.1080534,0.09470436,-4.804719
-3.1080534,0.09470436,-4.804719
-3.1080534,0.09470436,-4.804719
-3.127304,0.094716795,-4.804555
-3.153736,0.09478024,-4.805004
-3.153736,0.09478024,-4.805004
-3.172677,0.094709374,-4.8057184
-3.172677,0.094709374,-4.8057184
-3.172677,0.094709374,-4.8057184
-3.1922517,0.095166415,-4.807727
-3.1922517,0.095166415,-4.807727
-3.1922517,0.095166415,-4.807727
-3.1922517,0.095166415,-4.807727
-3.1922517,0.095166415,-4.807727
-3.1922517,0.095166415,-4.807727
-3.1922517,0.095166415,-4.807727
-3.1922517,0.095166415,-4.807727
-3.1922517,0.095166415,-4.807727
-3.1922517,0.095166415,-4.807727
-3.1922517,0.095166415,-4.807727
-3.1922517,0.095166415,-4.807727
-3.2942936,0.09371368,-4.813033
-3.3141167,0.093468785,-4.8136234
-3.3141167,0.093468785,-4.8136234
-3.3326304,0.09290987,-4.814537
-3.3326304,0.09290987,-4.814537
-3.3326304,0.09290987,-4.814537
-3.3495092,0.09194547,-4.8154383
-3.3495092,0.09194547,-4.8154383
-3.373074,0.09124718,-4.816442
-3.373074,0.09124718,-4.816442
-3.3917348,0.09085069,-4.817401
-3.3917348,0.09085069,-4.817401
-3.3917348,0.09085069,-4.817401
-3.426949,0.089639425,-4.8141074
-3.426949,0.089639425,-4.8141074
-3.4488122,0.088946804,-4.8131094
-3.4488122,0.088946804,-4.8131094
-3.4710758,0.08767679,-4.8121424
-3.4835587,0.08728829,-4.812082
-3.4835587,0.08728829,-4.812082
-3.5006156,0.086357296,-4.8110604
-3.5006156,0.086357296,-4.8110604
-3.5181258,0.08613612,-4.809415
-3.5181258,0.08613612,-4.809415
-3.5181258,0.08613612,-4.809415
-3.541462,0.08560796,-4.8095174
-3.5597742,0.08569727,-4.810364
-3.5597742,0.08569727,-4.810364
-3.5777671,0.08562899,-4.8117146
-3.5777671,0.08562899,-4.8117146
-3.5961182,0.08561248,-4.8156943
-3.5961182,0.08561248,-4.8156943
-3.5961182,0.08561248,-4.8156943
-3.5961182,0.08561248,-4.8156943
-3.5961182,0.08561248,-4.8156943
-3.5961182,0.08561248,-4.8156943
-3.5961182,0.08561248,-4.8156943
-3.6698852,0.08352078,-4.8258657
-3.6698852,0.08352078,-4.8258657
-3.6852531,0.082343504,-4.8278995
-3.6852531,0.082343504,-4.8278995
-3.6852531,0.082343504,-4.8278995
-3.727939,0.08116109,-4.8319035
-3.727939,0.08116109,-4.8319035
-3.746727,0.080971815,-4.833551
-3.746727,0.080971815,-4.833551
-3.746727,0.080971815,-4.833551
-3.746727,0.080971815,-4.833551
-3.746727,0.080971815,-4.833551
-3.8010774,0.079881296,-4.83463
-3.8010774,0.079881296,-4.83463
-3.8010774,0.079881296,-4.83463
-3.8443165,0.07887322,-4.831226
-3.8443165,0.07887322,-4.831226
-3.8443165,0.07887322,-4.831226
-3.8443165,0.07887322,-4.831226
-3.8443165,0.07887322,-4.831226
-3.8746965,0.07780275,-4.82976
-3.880687,0.07768095,-4.829211
-3.880687,0.07768095,-4.829211
-3.898276,0.07645577,-4.8280463
-3.898276,0.07645577,-4.8280463
-3.9169385,0.0759548,-4.8269
-3.9169385,0.0759548,-4.8269
-3.9400713,0.074850656,-4.8241954
-3.9400713,0.074850656,-4.8241954
-3.9400713,0.074850656,-4.8241954
-3.9400713,0.074850656,-4.8241954
-3.9679668,0.074219026,-4.8220024
-3.9679668,0.074219026,-4.8220024
-3.9679668,0.074219026,-4.8220024
-3.9679668,0.074219026,-4.8220024
-3.9679668,0.074219026,-4.8220024
-4.025651,0.0728246,-4.818595
-4.025651,0.0728246,-4.818595
-4.047623,0.07244301,-4.8165646
-4.047623,0.07244301,-4.8165646
-4.064129,0.071873695,-4.8147593
-4.064129,0.071873695,-4.8147593
-4.064129,0.071873695,-4.8147593
-4.081469,0.071530074,-4.8133216
-4.081469,0.071530074,-4.8133216
-4.104525,0.07080704,-4.811536
-4.104525,0.07080704,-4.811536
-4.122384,0.07071621,-4.810412
-4.122384,0.07071621,-4.810412
-4.122384,0.07071621,-4.810412
-4.122384,0.07071621,-4.810412
-4.1667614,0.07059539,-4.808278
-4.1667614,0.07059539,-4.808278
-4.1936846,0.0700754,-4.807991
-4.206404,0.07005388,-4.80823
-4.206404,0.07005388,-4.80823
-4.206404,0.07005388,-4.80823
-4.243297,0.0696228,-4.807871
-4.243297,0.0696228,-4.807871
-4.243297,0.0696228,-4.807871
-4.2793345,0.069888905,-4.807744
-4.2793345,0.069888905,-4.807744
-4.3025684,0.07007849,-4.807859
-4.3025684,0.07007849,-4.807859
-4.3208895,0.06995512,-4.808255
-4.3208895,0.06995512,-4.808255
-4.3208895,0.06995512,-4.808255
-4.3208895,0.06995512,-4.808255
-4.3208895,0.06995512,-4.808255
-4.3208895,0.06995512,-4.808255
-4.3208895,0.06995512,-4.808255
-4.3208895,0.06995512,-4.808255
-4.3208895,0.06995512,-4.808255
-4.420346,0.07110305,-4.80728
-4.4326973,0.071269795,-4.8067107
-4.4488416,0.070522666,-4.8071313
-4.464365,0.06994262,-4.807627
-4.464365,0.06994262,-4.807627
-4.464365,0.06994262,-4.807627
-4.4864917,0.06969125,-4.808307
-4.4864917,0.06969125,-4.808307
-4.5036416,0.06858428,-4.8099117
-4.5036416,0.06858428,-4.8099117
-4.5036416,0.06858428,-4.8099117
-4.5036416,0.06858428,-4.8099117
-4.5036416,0.06858428,-4.8099117
-4.55644,0.067906894,-4.810868
-4.55644,0.067906894,-4.810868
-4.55644,0.067906894,-4.810868
-4.5829043,0.06836835,-4.811345
-4.595431,0.068088,-4.812636
-4.595431,0.068088,-4.812636
-4.595431,0.068088,-4.812636
-4.630548,0.06717616,-4.81474
-4.630548,0.06717616,-4.81474
-4.654007,0.066652834,-4.8156705
-4.654007,0.066652834,-4.8156705
-4.672093,0.06624336,-4.8169518
-4.672093,0.06624336,-4.8169518
-4.690949,0.06546205,-4.817649
-4.7127075,0.06443123,-4.817945
-4.7127075,0.06443123,-4.817945
-4.7127075,0.06443123,-4.817945
-4.7127075,0.06443123,-4.817945
-4.7127075,0.06443123,-4.817945
-4.7127075,0.06443123,-4.817945
-4.776834,0.06305805,-4.8150964
-4.7963824,0.06233588,-4.814498
-4.8150125,0.061962098,-4.814018
-4.8150125,0.061962098,-4.814018
-4.8355293,0.061335564,-4.8139524
-4.8355293,0.061335564,-4.8139524
-4.8605804,0.06106323,-4.8124743
-4.8605804,0.06106323,-4.8124743
-4.880202,0.06039989,-4.8124285
-4.880202,0.06039989,-4.8124285
-4.880202,0.06039989,-4.8124285
-4.880202,0.06039989,-4.8124285
-4.9269166,0.0595015,-4.8132524
-4.938248,0.05917238,-4.8134923
-4.938248,0.05917238,-4.8134923
-4.9618006,0.05908612,-4.814252
-4.9741726,0.05893773,-4.8142576
-4.9741726,0.05893773,-4.8142576
-4.998791,0.059021235,-4.8148203
-5.016063,0.05822263,-4.814819
-5.016063,0.05822263,-4.814819
-5.0339513,0.058203846,-4.8155375
-5.05314,0.058051087,-4.8166285
-5.05314,0.058051087,-4.8166285
-5.071415,0.058127876,-4.8171754
-5.071415,0.058127876,-4.8171754
-5.0975423,0.057987433,-4.816285
-5.0975423,0.057987433,-4.816285
-5.0975423,0.057987433,-4.816285
-5.0975423,0.057987433,-4.816285
-5.0975423,0.057987433,-4.816285
-5.0975423,0.057987433,-4.816285
-5.0975423,0.057987433,-4.816285
-5.175135,0.05627662,-4.8111405
-5.175135,0.05627662,-4.8111405
-5.189943,0.055728067,-4.8096333
-5.189943,0.055728067,-4.8096333
-5.189943,0.055728067,-4.8096333
-5.20751,0.05567981,-4.8085265
-5.20751,0.05567981,-4.8085265
-5.20751,0.05567981,-4.8085265
-5.20751,0.05567981,-4.8085265
-5.229624,0.05526894,-4.8069434
-5.2414436,0.055346936,-4.8061314
-5.2414436,0.055346936,-4.8061314
-5.26373,0.054635406,-4.8051033
-5.26373,0.054635406,-4.8051033
-5.26373,0.054635406,-4.8051033
-5.26373,0.054635406,-4.8051033
-5.26373,0.054635406,-4.8051033
-5.29801,0.053595226,-4.803483
-5.3196416,0.05324465,-4.802824
-5.3196416,0.05324465,-4.802824
-5.336479,0.053195525,-4.8027554
-5.336479,0.053195525,-4.8027554
-5.336479,0.053195525,-4.8027554
-5.3719373,0.05278463,-4.8025293
-5.3719373,0.05278463,-4.8025293
-5.3719373,0.05278463,-4.8025293
-5.4017982,0.053112388,-4.801789
-5.4075785,0.053177502,-4.8017383
-5.4075785,0.053177502,-4.8017383
-5.4075785,0.053177502,-4.8017383
-5.4252906,0.052992333,-4.8013062
-5.4252906,0.052992333,-4.8013062
-5.448212,0.052969217,-4.801188
-5.448212,0.052969217,-4.801188
-5.448212,0.052969217,-4.801188
-5.448212,0.052969217,-4.801188
-5.448212,0.052969217,-4.801188
-5.448212,0.052969217,-4.801188
-5.448212,0.052969217,-4.801188
-5.448212,0.052969217,-4.801188
-5.448212,0.052969217,-4.801188
-5.5457606,0.05021595,-4.8016076
-5.5457606,0.05021595,-4.8016076
-5.5635962,0.049917012,-4.802044
-5.5635962,0.049917012,-4.802044
-5.585621,0.048763283,-4.8023887
-5.597466,0.0488773,-4.8021064
-5.597466,0.0488773,-4.8021064
-5.6129737,0.048075475,-4.8021336
-5.6129737,0.048075475,-4.8021336
-5.6129737,0.048075475,-4.8021336
-5.6129737,0.048075475,-4.8021336
-5.6129737,0.048075475,-4.8021336
-5.6129737,0.048075475,-4.8021336
-5.6729093,0.046689868,-4.8031254
-5.68515,0.046429485,-4.8034353
-5.68515,0.046429485,-4.8034353
-5.701904,0.04615569,-4.803056
-5.701904,0.04615569,-4.803056
-5.72505,0.045348942,-4.80144
-5.72505,0.045348942,-4.80144
-5.7423134,0.04447902,-4.7987285
-5.7423134,0.04447902,-4.7987285
-5.760688,0.043785077,-4.7958565
-5.7814,0.04277693,-4.794767
-5.7814,0.04277693,-4.794767
-5.8057127,0.04230572,-4.7921987
-5.8057127,0.04230572,-4.7921987
-5.8057127,0.04230572,-4.7921987
-5.8243694,0.04133437,-4.7876277
-5.8243694,0.04133437,-4.7876277
-5.8243694,0.04133437,-4.7876277
-5.8243694,0.04133437,-4.7876277
-5.8243694,0.04133437,-4.7876277
-5.8243694,0.04133437,-4.7876277
-5.8243694,0.04133437,-4.7876277
-5.8243694,0.04133437,-4.7876277
-5.8243694,0.04133437,-4.7876277
-5.905111,0.03947848,-4.773412
-5.923488,0.03914983,-4.7704844
-5.923488,0.03914983,-4.7704844
-5.923488,0.03914983,-4.7704844
-5.923488,0.03914983,-4.7704844
-5.923488,0.03914983,-4.7704844
-5.969522,0.037262857,-4.7636714
-5.9877925,0.03656137,-4.760267
-5.9877925,0.03656137,-4.760267
-6.01105,0.036169946,-4.7552595
-6.01105,0.036169946,-4.7552595
-6.01105,0.036169946,-4.7552595
-6.01105,0.036169946,-4.7552595
-6.0519404,0.035659194,-4.7461095
-6.0638795,0.0355286,-4.7434025
-6.0638795,0.0355286,-4.7434025
-6.082086,0.034947243,-4.7398543
-6.106052,0.034491032,-4.7351036
-6.106052,0.034491032,-4.7351036
-6.1226354,0.03413045,-4.7311764
-6.1226354,0.03413045,-4.7311764
-6.14618,0.033525415,-4.7253003
-6.1618247,0.032891452,-4.7207947
-6.1618247,0.032891452,-4.7207947
-6.17406,0.032625765,-4.7182546
-6.1969943,0.032559454,-4.7126536
-6.1969943,0.032559454,-4.7126536
-6.1969943,0.032559454,-4.7126536
-6.220434,0.03197039,-4.706862
-6.220434,0.03197039,-4.706862
-6.220434,0.03197039,-4.706862
-6.220434,0.03197039,-4.706862
-6.220434,0.03197039,-4.706862
-6.220434,0.03197039,-4.706862
-6.220434,0.03197039,-4.706862
-6.220434,0.03197039,-4.706862
-6.297681,0.029408354,-4.688207
-6.310058,0.029439867,-4.684784
-6.310058,0.029439867,-4.684784
-6.3289323,0.028652638,-4.681969
-6.3472996,0.028174112,-4.678502
-6.3472996,0.028174112,-4.678502
-6.3472996,0.028174112,-4.678502
-6.3700805,0.027175436,-4.674872
-6.3700805,0.027175436,-4.674872
-6.3700805,0.027175436,-4.674872
-6.3700805,0.027175436,-4.674872
-6.3700805,0.027175436,-4.674872
-6.3700805,0.027175436,-4.674872
-6.43117,0.025862336,-4.664315
-6.43117,0.025862336,-4.664315
-6.4470015,0.025468439,-4.660424
-6.4470015,0.025468439,-4.660424
-6.4635105,0.024758259,-4.6566596
-6.4635105,0.024758259,-4.6566596
-6.4822435,0.024244636,-4.652491
-6.4822435,0.024244636,-4.652491
-6.4822435,0.024244636,-4.652491
-6.498188,0.023806551,-4.6489873
-6.5216656,0.02387464,-4.6432705
-6.5216656,0.02387464,-4.6432705
-6.5365796,0.023476105,-4.6395645
-6.554265,0.023277313,-4.6345816
-6.554265,0.023277313,-4.6345816
-6.554265,0.023277313,-4.6345816
-6.5810323,0.02210606,-4.6233377
-6.5810323,0.02210606,-4.6233377
-6.5810323,0.02210606,-4.6233377
-6.5810323,0.02210606,-4.6233377
-6.5810323,0.02210606,-4.6233377
-6.5810323,0.02210606,-4.6233377
-6.5810323,0.02210606,-4.6233377
-6.5810323,0.02210606,-4.6233377
-6.5810323,0.02210606,-4.6233377
-6.6423354,0.02106297,-4.592166
-6.652706,0.020872116,-4.586363
-6.652706,0.020872116,-4.586363
-6.6732035,0.019757528,-4.5748105
-6.6877246,0.0197287,-4.5658646
-6.6877246,0.0197287,-4.5658646
-6.7024918,0.018971343,-4.557705
-6.716487,0.01825735,-4.549173
-6.716487,0.01825735,-4.549173
-6.716487,0.01825735,-4.549173
-6.716487,0.01825735,-4.549173
-6.716487,0.01825735,-4.549173
-6.716487,0.01825735,-4.549173
-6.763639,0.016157389,-4.517465
-6.763639,0.016157389,-4.517465
-6.772011,0.015514949,-4.511342
-6.772011,0.015514949,-4.511342
-6.772011,0.015514949,-4.511342
-6.7907386,0.015120715,-4.497573
-6.7907386,0.015120715,-4.497573
-6.8079867,0.014472276,-4.484029
-6.817249,0.014059255,-4.4772816
-6.817249,0.014059255,-4.4772816
-6.817249,0.014059255,-4.4772816
-6.817249,0.014059255,-4.4772816
-6.838145,0.01291582,-4.460517
-6.8427906,0.012757421,-4.457346
-6.8427906,0.012757421,-4.457346
-6.8615623,0.012088746,-4.4476604
-6.8615623,0.012088746,-4.4476604
-6.8615623,0.012088746,-4.4476604
-6.87663,0.011730698,-4.44011
-6.87663,0.011730698,-4.44011
-6.87663,0.011730698,-4.44011
-6.87663,0.011730698,-4.44011
-6.87663,0.011730698,-4.44011
-6.87663,0.011730698,-4.44011
-6.87663,0.011730698,-4.44011
-6.87663,0.011730698,-4.44011
-6.87663,0.011730698,-4.44011
-6.9404984,0.009635666,-4.3889236
-6.9404984,0.009635666,-4.3889236
-6.9523244,0.009177476,-4.3767943
-6.9523244,0.009177476,-4.3767943
-6.9523244,0.009177476,-4.3767943
-6.9766626,0.008302689,-4.3520613
-6.9766626,0.008302689,-4.3520613
-6.9923463,0.0076569915,-4.334239
-6.9923463,0.0076569915,-4.334239
-6.9923463,0.0076569915,-4.334239
-6.9923463,0.0076569915,-4.334239
-7.017838,0.0058476417,-4.304047
-7.029592,0.0052001267,-4.2895117
-7.0403953,0.0046972632,-4.275579
-7.0403953,0.0046972632,-4.275579
-7.0403953,0.0046972632,-4.275579
-7.0403953,0.0046972632,-4.275579
-7.060709,0.004367837,-4.246813
-7.060709,0.004367837,-4.246813
-7.060709,0.004367837,-4.246813
-7.0760694,0.0035582574,-4.22192
-7.082722,0.003367555,-4.211784
-7.09169,0.0029650212,-4.1967077
-7.09169,0.0029650212,-4.1967077
-7.100464,0.0025935054,-4.182042
-7.100464,0.0025935054,-4.182042
-7.113732,0.0019117087,-4.1577916
-7.113732,0.0019117087,-4.1577916
-7.113732,0.0019117087,-4.1577916
-7.113732,0.0019117087,-4.1577916
-7.113732,0.0019117087,-4.1577916
-7.113732,0.0019117087,-4.1577916
-7.113732,0.0019117087,-4.1577916
-7.113732,0.0019117087,-4.1577916
-7.1433697,-1.3321638e-05,-4.09345
-7.148191,-7.802248e-05,-4.082392
-7.148191,-7.802248e-05,-4.082392
-7.1531067,-0.0025593638,-4.0640287
-7.1584263,-0.0034213364,-4.0496416
-7.1584263,-0.0034213364,-4.0496416
-7.163947,-0.004333973,-4.034726
-7.168907,-0.005154204,-4.019225
-7.168907,-0.005154204,-4.019225
-7.168907,-0.005154204,-4.019225
-7.168907,-0.005154204,-4.019225
-7.185197,-0.0060138702,-3.9861162
-7.185197,-0.0060138702,-3.9861162
-7.185197,-0.0060138702,-3.9861162
-7.1968274,-0.006528318,-3.9672058
-7.200483,-0.0070617497,-3.9578183
-7.200483,-0.0070617497,-3.9578183
-7.2081623,-0.007699698,-3.9424908
-7.2081623,-0.007699698,-3.9424908
-7.2154784,-0.008522898,-3.927904
-7.2154784,-0.008522898,-3.927904
-7.2154784,-0.008522898,-3.927904
-7.23134,-0.009150445,-3.8898556
-7.237728,-0.009347439,-3.872339
-7.237728,-0.009347439,-3.872339
-7.2436457,-0.008729875,-3.854964
-7.249527,-0.008963108,-3.8364613
-7.249527,-0.008963108,-3.8364613
-7.249527,-0.008963108,-3.8364613
-7.249527,-0.008963108,-3.8364613
-7.249527,-0.008963108,-3.8364613
-7.249527,-0.008963108,-3.8364613
-7.267569,-0.006863594,-3.7730796
-7.2719183,-0.005701205,-3.7606246
-7.2719183,-0.005701205,-3.7606246
-7.277023,-0.004935533,-3.7421181
-7.2807903,-0.0045404253,-3.7244184
-7.2807903,-0.0045404253,-3.7244184
-7.284305,-0.004342687,-3.707061
-7.284305,-0.004342687,-3.707061
-7.284305,-0.004342687,-3.707061
-7.2883506,-0.0048753023,-3.6837957
-7.2883506,-0.0048753023,-3.6837957
-7.2883506,-0.0048753023,-3.6837957
-7.2883506,-0.0048753023,-3.6837957
-7.2883506,-0.0048753023,-3.6837957
-7.303889,-0.005100331,-3.6257384
-7.306238,-0.007341227,-3.6152318
-7.306238,-0.007341227,-3.6152318
-7.3130603,-0.0077620447,-3.5920188
-7.3130603,-0.0077620447,-3.5920188
-7.3192506,-0.009403169,-3.57635
-7.3246255,-0.009838939,-3.5591595
-7.3246255,-0.009838939,-3.5591595
-7.3246255,-0.009838939,-3.5591595
-7.331412,-0.010105481,-3.5436542
-7.331412,-0.010105481,-3.5436542
-7.338208,-0.010984701,-3.522157
-7.338208,-0.010984701,-3.522157
-7.3434033,-0.01157867,-3.5056584
-7.3434033,-0.01157867,-3.5056584
-7.3504534,-0.012238324,-3.4826262
-7.3504534,-0.012238324,-3.4826262
-7.3504534,-0.012238324,-3.4826262
-7.3504534,-0.012238324,-3.4826262
-7.3504534,-0.012238324,-3.4826262
-7.3504534,-0.012238324,-3.4826262
-7.3504534,-0.012238324,-3.4826262
-7.3504534,-0.012238324,-3.4826262
-7.3627515,-0.018318286,-3.4143097
-7.364796,-0.019098839,-3.3962324
-7.364796,-0.019098839,-3.3962324
-7.3672066,-0.0216496,-3.3801477
-7.3672066,-0.0216496,-3.3801477
-7.3734097,-0.023699105,-3.352288
-7.3734097,-0.023699105,-3.352288
-7.3754754,-0.024142385,-3.3418562
-7.3754754,-0.024142385,-3.3418562
-7.3754754,-0.024142385,-3.3418562
-7.3778925,-0.024739623,-3.3237846
-7.3778925,-0.024739623,-3.3237846
-7.3778925,-0.024739623,-3.3237846
-7.3778925,-0.024739623,-3.3237846
-7.3778925,-0.024739623,-3.3237846
-7.3832273,-0.025334656,-3.2885845
-7.3832273,-0.025334656,-3.2885845
-7.385842,-0.02558577,-3.2721412
-7.385842,-0.02558577,-3.2721412
-7.3870883,-0.025879562,-3.2518437
-7.3880076,-0.026201328,-3.2407305
-7.3880076,-0.026201328,-3.2407305
-7.389439,-0.027271321,-3.2206361
-7.389439,-0.027271321,-3.2206361
-7.3911905,-0.027569085,-3.2036304
-7.3911905,-0.027569085,-3.2036304
-7.3930755,-0.029146105,-3.183666
-7.3950334,-0.029579699,-3.1719015
-7.3950334,-0.029579699,-3.1719015
-7.3950334,-0.029579699,-3.1719015
-7.399132,-0.030397058,-3.1505768
-7.4010553,-0.030798972,-3.1381962
-7.4010553,-0.030798972,-3.1381962
-7.4010553,-0.030798972,-3.1381962
-7.4010553,-0.030798972,-3.1381962
-7.4010553,-0.030798972,-3.1381962
-7.4010553,-0.030798972,-3.1381962
-7.4010553,-0.030798972,-3.1381962
-7.415865,-0.03280928,-3.0610538
-7.417836,-0.033566505,-3.050172
-7.417836,-0.033566505,-3.050172
-7.417836,-0.033566505,-3.050172
-7.417836,-0.033566505,-3.050172
-7.4204807,-0.03398668,-3.0331254
-7.4204807,-0.03398668,-3.0331254
-7.4223156,-0.03613185,-3.0168965
-7.4223156,-0.03613185,-3.0168965
-7.425963,-0.036616594,-2.9941142
-7.425963,-0.036616594,-2.9941142
-7.425963,-0.036616594,-2.9941142
-7.425963,-0.036616594,-2.9941142
-7.425963,-0.036616594,-2.9941142
-7.425963,-0.036616594,-2.9941142
-7.425963,-0.036616594,-2.9941142
-7.428988,-0.0392116,-2.9351943
-7.428988,-0.0392116,-2.9351943
-7.42937,-0.04022348,-2.9246876
-7.430707,-0.041090876,-2.9020581
-7.430707,-0.041090876,-2.9020581
-7.4318485,-0.041802406,-2.8864248
-7.432494,-0.041906506,-2.8695126
-7.432494,-0.041906506,-2.8695126
-7.432494,-0.041906506,-2.8695126
-7.4349318,-0.04294973,-2.8353474
-7.4349318,-0.04294973,-2.8353474
-7.4349318,-0.04294973,-2.8353474
-7.436233,-0.043600105,-2.8120193
-7.436233,-0.043600105,-2.8120193
-7.436233,-0.043600105,-2.8120193
-7.43904,-0.044000417,-2.7949622
-7.4424953,-0.044900052,-2.7805328
-7.4424953,-0.044900052,-2.7805328
-7.4424953,-0.044900052,-2.7805328
-7.4424953,-0.044900052,-2.7805328
-7.4424953,-0.044900052,-2.7805328
-7.457132,-0.04316023,-2.7219129
-7.45961,-0.043265246,-2.7111523
-7.45961,-0.043265246,-2.7111523
-7.463174,-0.04300466,-2.6932325
-7.463174,-0.04300466,-2.6932325
-7.4673877,-0.042673748,-2.6705737
-7.4717374,-0.04313135,-2.654729
-7.4717374,-0.04313135,-2.654729
-7.4755836,-0.04323724,-2.638372
-7.4755836,-0.04323724,-2.638372
-7.4755836,-0.04323724,-2.638372
-7.4755836,-0.04323724,-2.638372
-7.4856443,-0.044294506,-2.5937796
-7.487575,-0.04414475,-2.5826685
-7.491259,-0.04428652,-2.5658014
-7.491259,-0.04428652,-2.5658014
-7.491259,-0.04428652,-2.5658014
-7.4943485,-0.04403925,-2.5489938
-7.497589,-0.044029497,-2.5328145
-7.497589,-0.044029497,-2.5328145
-7.5024695,-0.04405161,-2.5168884
-7.5024695,-0.04405161,-2.5168884
-7.5093446,-0.044745564,-2.4965534
-7.5093446,-0.044745564,-2.4965534
-7.512114,-0.044964075,-2.4802678
-7.5140696,-0.04548472,-2.4632778
-7.5140696,-0.04548472,-2.4632778
-7.5140696,-0.04548472,-2.4632778
-7.5140696,-0.04548472,-2.4632778
-7.5140696,-0.04548472,-2.4632778
-7.5140696,-0.04548472,-2.4632778
-7.5140696,-0.04548472,-2.4632778
-7.5140696,-0.04548472,-2.4632778
-7.5140696,-0.04548472,-2.4632778
-7.5140696,-0.04548472,-2.4632778
-7.5356565,-0.04561516,-2.3760269
-7.5356565,-0.04561516,-2.3760269
-7.5425205,-0.046702236,-2.3582418
-7.5439916,-0.046663433,-2.3530664
-7.5439916,-0.046663433,-2.3530664
-7.5513706,-0.04920152,-2.3344326
-7.555465,-0.049702346,-2.3243103
-7.555465,-0.049702346,-2.3243103
-7.5631156,-0.050691128,-2.305708
-7.5631156,-0.050691128,-2.305708
-7.5631156,-0.050691128,-2.305708
-7.5631156,-0.050691128,-2.305708
-7.5631156,-0.050691128,-2.305708
-7.5631156,-0.050691128,-2.305708
-7.583873,-0.052912205,-2.2549706
-7.5873,-0.053474635,-2.245318
-7.5873,-0.053474635,-2.245318
-7.596526,-0.05409926,-2.224154
-7.603808,-0.054949515,-2.2071927
-7.603808,-0.054949515,-2.2071927
-7.603808,-0.054949515,-2.2071927
-7.611975,-0.055118226,-2.1863625
-7.611975,-0.055118226,-2.1863625
-7.6155157,-0.05477497,-2.1763616
-7.6155157,-0.05477497,-2.1763616
-7.6155157,-0.05477497,-2.1763616
-7.6244802,-0.055108517,-2.1566823
-7.629152,-0.055757046,-2.1465597
-7.629152,-0.055757046,-2.1465597
-7.629152,-0.055757046,-2.1465597
-7.6419945,-0.0570817,-2.1211696
-7.6419945,-0.0570817,-2.1211696
-7.6419945,-0.0570817,-2.1211696
-7.6419945,-0.0570817,-2.1211696
-7.6419945,-0.0570817,-2.1211696
-7.6419945,-0.0570817,-2.1211696
-7.6419945,-0.0570817,-2.1211696
-7.6419945,-0.0570817,-2.1211696
-7.6856155,-0.061572574,-2.0381987
-7.6856155,-0.061572574,-2.0381987
-7.6936703,-0.062497232,-2.0235226
-7.6936703,-0.062497232,-2.0235226
-7.70148,-0.06319623,-2.0107086
-7.70148,-0.06319623,-2.0107086
-7.709201,-0.063634686,-1.9971137
-7.709201,-0.063634686,-1.9971137
-7.709201,-0.063634686,-1.9971137
-7.709201,-0.063634686,-1.9971137
-7.709201,-0.063634686,-1.9971137
-7.737678,-0.065843925,-1.9523523
-7.737678,-0.065843925,-1.9523523
-7.737678,-0.065843925,-1.9523523
-7.7493033,-0.06608346,-1.9338939
-7.7493033,-0.06608346,-1.9338939
-7.7568088,-0.06716934,-1.9192407
-7.7568088,-0.06716934,-1.9192407
-7.7675986,-0.0681037,-1.9016888
-7.7736015,-0.06865354,-1.8926797
-7.7736015,-0.06865354,-1.8926797
-7.789317,-0.07001454,-1.8703263
-7.7920537,-0.07003057,-1.8657553
-7.7920537,-0.07003057,-1.8657553
-7.7920537,-0.07003057,-1.8657553
-7.803434,-0.07142945,-1.8494222
-7.803434,-0.07142945,-1.8494222
-7.803434,-0.07142945,-1.8494222
-7.803434,-0.07142945,-1.8494222
-7.8152795,-0.07240637,-1.8325174
-7.8152795,-0.07240637,-1.8325174
-7.8152795,-0.07240637,-1.8325174
-7.8152795,-0.07240637,-1.8325174
-7.8152795,-0.07240637,-1.8325174
-7.8152795,-0.07240637,-1.8325174
-7.8152795,-0.07240637,-1.8325174
-7.8439775,-0.07305365,-1.7851043
-7.8537326,-0.07356744,-1.771992
-7.8537326,-0.07356744,-1.771992
-7.8667736,-0.07405195,-1.7545521
-7.87668,-0.074762836,-1.7424701
-7.87668,-0.074762836,-1.7424701
-7.886662,-0.07518956,-1.7297077
-7.886662,-0.07518956,-1.7297077
-7.8976226,-0.07323807,-1.7120748
-7.8976226,-0.07323807,-1.7120748
-7.8976226,-0.07323807,-1.7120748
-7.8976226,-0.07323807,-1.7120748
-7.8976226,-0.07323807,-1.7120748
-7.915219,-0.0727866,-1.680869
-7.915219,-0.0727866,-1.680869
-7.9205613,-0.0725486,-1.6667979
-7.9205613,-0.0725486,-1.6667979
-7.924977,-0.07235035,-1.6575859
-7.924977,-0.07235035,-1.6575859
-7.924977,-0.07235035,-1.6575859
-7.9426312,-0.07133216,-1.6233146
-7.9426312,-0.07133216,-1.6233146
-7.9426312,-0.07133216,-1.6233146
-7.947964,-0.07150137,-1.609312
-7.954325,-0.071700215,-1.5948594
-7.954325,-0.071700215,-1.5948594
-7.960447,-0.072676,-1.582303
-7.960447,-0.072676,-1.582303
-7.960447,-0.072676,-1.582303
-7.966596,-0.07325755,-1.5689704
-7.966596,-0.07325755,-1.5689704
-7.966596,-0.07325755,-1.5689704
-7.966596,-0.07325755,-1.5689704
-7.966596,-0.07325755,-1.5689704
-7.966596,-0.07325755,-1.5689704
-7.966596,-0.07325755,-1.5689704
-7.966596,-0.07325755,-1.5689704
-7.966596,-0.07325755,-1.5689704
-7.966596,-0.07325755,-1.5689704
-7.994887,-0.07259071,-1.4937098
-7.994887,-0.07259071,-1.4937098
-7.994887,-0.07259071,-1.4937098
-7.994887,-0.07259071,-1.4937098
-8.005302,-0.07398993,-1.4742467
-8.005302,-0.07398993,-1.4742467
-8.010214,-0.0745752,-1.4625833
-8.013717,-0.07482028,-1.4539983
-8.0204525,-0.07503466,-1.44034
-8.0204525,-0.07503466,-1.44034
-8.0204525,-0.07503466,-1.44034
-8.0204525,-0.07503466,-1.44034
-8.030626,-0.072381906,-1.4115267
-8.033258,-0.07155951,-1.402632
-8.038666,-0.07113078,-1.3891127
-8.038666,-0.07113078,-1.3891127
-8.038666,-0.07113078,-1.3891127
-8.042199,-0.06940931,-1.3725214
-8.045479,-0.06939092,-1.3629639
-8.045479,-0.06939092,-1.3629639
-8.04935,-0.06899327,-1.3460584
-8.04935,-0.06899327,-1.3460584
-8.053589,-0.06915777,-1.3318584
-8.053589,-0.06915777,-1.3318584
-8.057198,-0.0692462,-1.3172617
-8.057198,-0.0692462,-1.3172617
-8.057198,-0.0692462,-1.3172617
-8.059747,-0.070280045,-1.3035748
-8.059747,-0.070280045,-1.3035748
-8.063825,-0.07080966,-1.2846515
-8.063825,-0.07080966,-1.2846515
-8.063825,-0.07080966,-1.2846515
-8.063825,-0.07080966,-1.2846515
-8.063825,-0.07080966,-1.2846515
-8.063825,-0.07080966,-1.2846515
-8.063825,-0.07080966,-1.2846515
-8.063825,-0.07080966,-1.2846515
-8.063825,-0.07080966,-1.2846515
-8.063825,-0.07080966,-1.2846515
-8.068163,-0.06863743,-1.2267463
-8.071928,-0.06894775,-1.21234
-8.071928,-0.06894775,-1.21234
-8.074475,-0.06937318,-1.1961169
-8.075532,-0.06936222,-1.1871097
-8.075532,-0.06936222,-1.1871097
-8.076074,-0.06920728,-1.1732986
-8.076074,-0.06920728,-1.1732986
-8.076074,-0.06920728,-1.1732986
-8.078249,-0.06860608,-1.1552391
-8.078249,-0.06860608,-1.1552391
-8.078249,-0.06860608,-1.1552391
-8.078249,-0.06860608,-1.1552391
-8.079492,-0.06910193,-1.1295302
-8.079998,-0.06885435,-1.1155026
-8.079998,-0.06885435,-1.1155026
-8.079998,-0.06885435,-1.1155026
-8.081458,-0.06852223,-1.0927347
-8.081458,-0.06852223,-1.0927347
-8.083272,-0.06811008,-1.0821161
-8.083272,-0.06811008,-1.0821161
-8.083272,-0.06811008,-1.0821161
-8.0863695,-0.067762434,-1.0631588
-8.08604,-0.067770146,-1.0525355
-8.08604,-0.067770146,-1.0525355
-8.088329,-0.06719059,-1.0329645
-8.087885,-0.06805682,-1.0162063
-8.087885,-0.06805682,-1.0162063
-8.087885,-0.06805682,-1.0162063
-8.084817,-0.069652855,-0.98715323
-8.084817,-0.069652855,-0.98715323
-8.084817,-0.069652855,-0.98715323
-8.084817,-0.069652855,-0.98715323
-8.084817,-0.069652855,-0.98715323
-8.084817,-0.069652855,-0.98715323
-8.073829,-0.070076846,-0.94230914
-8.069616,-0.06961882,-0.9281408
-8.069616,-0.06961882,-0.9281408
-8.065535,-0.069186255,-0.9134285
-8.065535,-0.069186255,-0.9134285
-8.061849,-0.068910465,-0.89902264
-8.061849,-0.068910465,-0.89902264
-8.056957,-0.068923324,-0.8798956
-8.056957,-0.068923324,-0.8798956
-8.056957,-0.068923324,-0.8798956
-8.053391,-0.06883052,-0.8666664
-8.053391,-0.06883052,-0.8666664
-8.053391,-0.06883052,-0.8666664
-8.053391,-0.06883052,-0.8666664
-8.053391,-0.06883052,-0.8666664
-8.040814,-0.070533894,-0.83334446
-8.040814,-0.070533894,-0.83334446
-8.035311,-0.07106,-0.81905895
-8.035311,-0.07106,-0.81905895
-8.031331,-0.07102807,-0.8103153
-8.026984,-0.07076284,-0.79786783
-8.026984,-0.07076284,-0.79786783
-8.021123,-0.070806995,-0.7816854
-8.017992,-0.07089006,-0.7736745
-8.017992,-0.07089006,-0.7736745
-8.017992,-0.07089006,-0.7736745
-8.00891,-0.07039731,-0.752818
-8.007067,-0.07024073,-0.7483767
-8.007067,-0.07024073,-0.7483767
-8.002162,-0.07040047,-0.7305045
-8.002162,-0.07040047,-0.7305045
-7.9999766,-0.07033216,-0.71646166
-7.9999766,-0.07033216,-0.71646166
-7.9999766,-0.07033216,-0.71646166
-7.9999766,-0.07033216,-0.71646166
-7.9999766,-0.07033216,-0.71646166
-7.9999766,-0.07033216,-0.71646166
-8.003041,-0.0699552,-0.6517897
-8.003041,-0.0699552,-0.6517897
-8.001221,-0.06932636,-0.6325011
-8.001221,-0.06932636,-0.6325011
-8.001784,-0.068991415,-0.61720634
-8.001784,-0.068991415,-0.61720634
-8.000815,-0.06829759,-0.5907459
-8.000815,-0.06829759,-0.5907459
-8.000815,-0.06829759,-0.5907459
-8.001776,-0.06874658,-0.57414466
-8.001776,-0.06874658,-0.57414466
-8.001776,-0.06874658,-0.57414466
-8.001776,-0.06874658,-0.57414466
-8.00509,-0.07055094,-0.53099704
-8.00509,-0.07055094,-0.53099704
-8.005187,-0.070421875,-0.5212917
-8.003444,-0.071638756,-0.5055971
-8.003444,-0.071638756,-0.5055971
-7.9994836,-0.07201916,-0.48955697
-7.9994836,-0.07201916,-0.48955697
-7.995004,-0.07233767,-0.4675347
-7.995004,-0.07233767,-0.4675347
-7.995004,-0.07233767,-0.4675347
-7.9894233,-0.07304329,-0.43626434
-7.9894233,-0.07304329,-0.43626434
-7.985562,-0.07283682,-0.4202519
-7.985562,-0.07283682,-0.4202519
-7.980349,-0.07257947,-0.39809376
-7.9757504,-0.071949795,-0.38010564
-7.9757504,-0.071949795,-0.38010564
-7.9757504,-0.071949795,-0.38010564
-7.9757504,-0.071949795,-0.38010564
-7.9757504,-0.071949795,-0.38010564
-7.9757504,-0.071949795,-0.38010564
-7.9757504,-0.071949795,-0.38010564
-7.9757504,-0.071949795,-0.38010564
-7.9757504,-0.071949795,-0.38010564
-7.9541736,-0.07218191,-0.30807358
-7.947187,-0.07201733,-0.2927386
-7.947187,-0.07201733,-0.2927386
-7.9350476,-0.072451316,-0.26801825
-7.9350476,-0.072451316,-0.26801825
-7.9350476,-0.072451316,-0.26801825
-7.926499,-0.07246181,-0.2523685
-7.926499,-0.07246181,-0.2523685
-7.918966,-0.072210014,-0.23471743
-7.918966,-0.072210014,-0.23471743
-7.918966,-0.072210014,-0.23471743
-7.918966,-0.072210014,-0.23471743
-7.918966,-0.072210014,-0.23471743
-7.894669,-0.07083856,-0.18918078
-7.894669,-0.07083856,-0.18918078
-7.892076,-0.07200572,-0.17512882
-7.892076,-0.07200572,-0.17512882
-7.885488,-0.07366496,-0.15803385
-7.885488,-0.07366496,-0.15803385
-7.8765435,-0.073656194,-0.14458947
-7.8765435,-0.073656194,-0.14458947
-7.8725076,-0.07558718,-0.13423538
-7.8725076,-0.07558718,-0.13423538
-7.8633165,-0.07561028,-0.120171845
-7.85552,-0.076817356,-0.10879879
-7.8467493,-0.07720971,-0.096007526
-7.8467493,-0.07720971,-0.096007526
-7.8467493,-0.07720971,-0.096007526
-7.8330956,-0.07736617,-0.07637483
-7.8330956,-0.07736617,-0.07637483
-7.8330956,-0.07736617,-0.07637483
-7.8330956,-0.07736617,-0.07637483
-7.8330956,-0.07736617,-0.07637483
-7.8085346,-0.07868769,-0.01593207
-7.8085346,-0.07868769,-0.01593207
-7.8018537,-0.07884889,0.00090272527
-7.8018537,-0.07884889,0.00090272527
-7.794953,-0.080467634,0.016871942
-7.787662,-0.080698475,0.03415176
-7.787662,-0.080698475,0.03415176
-7.7803555,-0.08261064,0.05097431
-7.7803555,-0.08261064,0.05097431
-7.7712426,-0.08285882,0.07304962
-7.7712426,-0.08285882,0.07304962
-7.7712426,-0.08285882,0.07304962
-7.7712426,-0.08285882,0.07304962
-7.7519054,-0.08285615,0.118917465
-7.7475147,-0.08276591,0.12977481
-7.738281,-0.08264803,0.14631249
-7.738281,-0.08264803,0.14631249
-7.738281,-0.08264803,0.14631249
-7.738281,-0.08264803,0.14631249
-7.728893,-0.08240543,0.16178885
-7.728893,-0.08240543,0.16178885
-7.7207136,-0.082662165,0.1750893
-7.7207136,-0.082662165,0.1750893
-7.7120576,-0.08266784,0.19036934
-7.7120576,-0.08266784,0.19036934
-7.701314,-0.083699524,0.20294946
-7.6919107,-0.0837534,0.2175047
-7.6919107,-0.0837534,0.2175047
-7.6808167,-0.08481994,0.23035187
-7.6665893,-0.08538943,0.2518121
-7.6665893,-0.08538943,0.2518121
-7.6665893,-0.08538943,0.2518121
-7.6665893,-0.08538943,0.2518121
-7.6665893,-0.08538943,0.2518121
-7.6665893,-0.08538943,0.2518121
-7.6665893,-0.08538943,0.2518121
-7.6211095,-0.08592507,0.3202819
-7.6106973,-0.08620423,0.3358864
-7.603376,-0.08636442,0.34610644
-7.603376,-0.08636442,0.34610644
-7.592736,-0.08695379,0.3633908
-7.592736,-0.08695379,0.3633908
-7.5774555,-0.08777651,0.3832082
-7.5774555,-0.08777651,0.3832082
-7.5658555,-0.08797427,0.39810008
-7.5658555,-0.08797427,0.39810008
-7.5658555,-0.08797427,0.39810008
-7.5658555,-0.08797427,0.39810008
-7.5658555,-0.08797427,0.39810008
-7.540031,-0.08808696,0.43415186
-7.5305457,-0.08765604,0.44984388
-7.5305457,-0.08765604,0.44984388
-7.5305457,-0.08765604,0.44984388
-7.5305457,-0.08765604,0.44984388
-7.5145683,-0.08762841,0.47533587
-7.510669,-0.087423734,0.4805506
-7.498032,-0.08831181,0.49968284
-7.498032,-0.08831181,0.49968284
-7.487794,-0.08848395,0.51483184
-7.487794,-0.08848395,0.51483184
-7.4785266,-0.089200735,0.5291073
-7.4662538,-0.08937088,0.5435937
-7.4662538,-0.08937088,0.5435937
-7.4662538,-0.08937088,0.5435937
-7.4507475,-0.089231774,0.5612539
-7.4507475,-0.089231774,0.5612539
-7.4383373,-0.08929396,0.575779
-7.4383373,-0.08929396,0.575779
-7.4383373,-0.08929396,0.575779
-7.4383373,-0.08929396,0.575779
-7.4383373,-0.08929396,0.575779
-7.4383373,-0.08929396,0.575779
-7.4383373,-0.08929396,0.575779
-7.4383373,-0.08929396,0.575779
-7.4383373,-0.08929396,0.575779
-7.3822074,-0.09013784,0.6376143
-7.3694415,-0.089744,0.6513536
-7.3694415,-0.089744,0.6513536
-7.3694415,-0.089744,0.6513536
-7.3557982,-0.09065195,0.6649097
-7.3419127,-0.09178746,0.6791242
-7.328365,-0.0922377,0.6918006
-7.328365,-0.0922377,0.6918006
-7.328365,-0.0922377,0.6918006
-7.328365,-0.0922377,0.6918006
-7.328365,-0.0922377,0.6918006
-7.287518,-0.094188094,0.7347121
-7.280374,-0.09482646,0.7437958
-7.280374,-0.09482646,0.7437958
-7.280374,-0.09482646,0.7437958
-7.280374,-0.09482646,0.7437958
-7.2648234,-0.09520584,0.76145095
-7.253226,-0.095240526,0.7755908
-7.253226,-0.095240526,0.7755908
-7.241318,-0.096241824,0.78808147
-7.241318,-0.096241824,0.78808147
-7.2284465,-0.09639403,0.802258
-7.2284465,-0.09639403,0.802258
-7.2284465,-0.09639403,0.802258
-7.212243,-0.09742996,0.8193137
-7.212243,-0.09742996,0.8193137
-7.201224,-0.09751787,0.8345755
-7.201224,-0.09751787,0.8345755
-7.201224,-0.09751787,0.8345755
-7.201224,-0.09751787,0.8345755
-7.1781626,-0.09718525,0.86134064
-7.1781626,-0.09718525,0.86134064
-7.1781626,-0.09718525,0.86134064
-7.1781626,-0.09718525,0.86134064
-7.1781626,-0.09718525,0.86134064
-7.1781626,-0.09718525,0.86134064
-7.136298,-0.094257645,0.90821636
-7.12218,-0.0920186,0.92134154
-7.109659,-0.09125283,0.9355303
-7.109659,-0.09125283,0.9355303
-7.0974536,-0.09012923,0.94901013
-7.0974536,-0.09012923,0.94901013
-7.080556,-0.089223295,0.9675154
-7.080556,-0.089223295,0.9675154
-7.068461,-0.0890322,0.9807069
-7.068461,-0.0890322,0.9807069
-7.068461,-0.0890322,0.9807069
-7.068461,-0.0890322,0.9807069
-7.068461,-0.0890322,0.9807069
-7.068461,-0.0890322,0.9807069
-7.068461,-0.0890322,0.9807069
-7.031249,-0.086932085,1.0180327
-7.0260444,-0.08660564,1.0221989
-7.012001,-0.085908085,1.0359379
-7.012001,-0.085908085,1.0359379
-6.9936743,-0.08544773,1.0564253
-6.9799848,-0.084658146,1.0705686
-6.9799848,-0.084658146,1.0705686
-6.9799848,-0.084658146,1.0705686
-6.9658265,-0.085275404,1.0869442
-6.9658265,-0.085275404,1.0869442
-6.9541097,-0.08530828,1.1037521
-6.9541097,-0.08530828,1.1037521
-6.9386406,-0.08612299,1.1251099
-6.9386406,-0.08612299,1.1251099
-6.9263663,-0.08605391,1.1413821
-6.9263663,-0.08605391,1.1413821
-6.9263663,-0.08605391,1.1413821
-6.9263663,-0.08605391,1.1413821
-6.9263663,-0.08605391,1.1413821
-6.9263663,-0.08605391,1.1413821
-6.9263663,-0.08605391,1.1413821
-6.9263663,-0.08605391,1.1413821
-6.9263663,-0.08605391,1.1413821
-6.9263663,-0.08605391,1.1413821
-6.9263663,-0.08605391,1.1413821
-6.862535,-0.09245279,1.2202309
-6.862535,-0.09245279,1.2202309
-6.846783,-0.09383579,1.2324378
-6.846783,-0.09383579,1.2324378
-6.82702,-0.09378964,1.249589
-6.8169966,-0.09532388,1.2564368
-6.802627,-0.09548276,1.268528
-6.802627,-0.09548276,1.268528
-6.7884455,-0.095550805,1.276845
-6.7884455,-0.095550805,1.276845
-6.7884455,-0.095550805,1.276845
-6.7884455,-0.095550805,1.276845
-6.7884455,-0.095550805,1.276845
-6.7394495,-0.09564847,1.3091676
-6.7394495,-0.09564847,1.3091676
-6.7394495,-0.09564847,1.3091676
-6.726453,-0.09572183,1.3175884
-6.726453,-0.09572183,1.3175884
-6.7101145,-0.09551486,1.3279101
-6.7101145,-0.09551486,1.3279101
-6.6944323,-0.09439465,1.3382154
-6.6944323,-0.09439465,1.3382154
-6.6732345,-0.09329702,1.3499837
-6.6732345,-0.09329702,1.3499837
-6.656926,-0.092468254,1.3587797
-6.656926,-0.092468254,1.3587797
-6.656926,-0.092468254,1.3587797
-6.6401663,-0.092990935,1.3668242
-6.6401663,-0.092990935,1.3668242
-6.6401663,-0.092990935,1.3668242
-6.623816,-0.09332734,1.3750024
-6.600462,-0.09274587,1.3871305
-6.600462,-0.09274587,1.3871305
-6.600462,-0.09274587,1.3871305
-6.600462,-0.09274587,1.3871305
-6.600462,-0.09274587,1.3871305
-6.600462,-0.09274587,1.3871305
-6.600462,-0.09274587,1.3871305
-6.539579,-0.0911343,1.4195623
-6.5222297,-0.09110947,1.4284006
-6.516467,-0.091045916,1.4313767
-6.516467,-0.091045916,1.4313767
-6.516467,-0.091045916,1.4313767
-6.491717,-0.09214583,1.4412702
-6.491717,-0.09214583,1.4412702
-6.491717,-0.09214583,1.4412702
-6.474148,-0.0918943,1.4492095
-6.474148,-0.0918943,1.4492095
-6.455808,-0.09212145,1.4567196
-6.432903,-0.09157296,1.4659941
-6.432903,-0.09157296,1.4659941
-6.432903,-0.09157296,1.4659941
-6.402813,-0.091038816,1.4837298
-6.402813,-0.091038816,1.4837298
-6.3889956,-0.091034114,1.4936296
-6.3889956,-0.091034114,1.4936296
-6.3676567,-0.09003331,1.5052538
-6.350762,-0.08968937,1.5144392
-6.350762,-0.08968937,1.5144392
-6.334526,-0.088347696,1.5229528
-6.334526,-0.088347696,1.5229528
-6.3175793,-0.08758393,1.5318227
-6.295967,-0.08654433,1.5424802
-6.295967,-0.08654433,1.5424802
-6.2786164,-0.085843585,1.550887
-6.2786164,-0.085843585,1.550887
-6.249877,-0.08590784,1.562023
-6.2440405,-0.08569618,1.5650631
-6.2440405,-0.08569618,1.5650631
-6.2440405,-0.08569618,1.5650631
-6.2440405,-0.08569618,1.5650631
-6.2440405,-0.08569618,1.5650631
-6.2440405,-0.08569618,1.5650631
-6.175429,-0.083462864,1.5983322
-6.175429,-0.083462864,1.5983322
-6.1593003,-0.083211295,1.6059774
-6.1593003,-0.083211295,1.6059774
-6.1593003,-0.083211295,1.6059774
-6.1296077,-0.079956666,1.6193776
-6.1127844,-0.07892724,1.626852
-6.1127844,-0.07892724,1.626852
-6.1127844,-0.07892724,1.626852
-6.1127844,-0.07892724,1.626852
-6.1127844,-0.07892724,1.626852
-6.0608263,-0.074370265,1.6492049
-6.0608263,-0.074370265,1.6492049
-6.047485,-0.07316369,1.6557407
-6.0302954,-0.07216551,1.6636384
-6.0302954,-0.07216551,1.6636384
-6.0302954,-0.07216551,1.6636384
-6.0005016,-0.070607245,1.6772383
-5.9947176,-0.07029706,1.6800985
-5.9947176,-0.07029706,1.6800985
-5.9622364,-0.07043314,1.694792
-5.9622364,-0.07043314,1.694792
-5.949857,-0.06946203,1.6993054
-5.949857,-0.06946203,1.6993054
-5.929789,-0.06998115,1.7077537
-5.929789,-0.06998115,1.7077537
-5.929789,-0.06998115,1.7077537
-5.929789,-0.06998115,1.7077537
-5.896586,-0.07030824,1.7198749
-5.896586,-0.07030824,1.7198749
-5.896586,-0.07030824,1.7198749
-5.896586,-0.07030824,1.7198749
-5.896586,-0.07030824,1.7198749
-5.896586,-0.07030824,1.7198749
-5.896586,-0.07030824,1.7198749
-5.896586,-0.07030824,1.7198749
-5.896586,-0.07030824,1.7198749
-5.896586,-0.07030824,1.7198749
-5.8069987,-0.0715644,1.754689
-5.7931843,-0.071368456,1.7598507
-5.7931843,-0.071368456,1.7598507
-5.773619,-0.0709215,1.7671833
-5.773619,-0.0709215,1.7671833
-5.7384915,-0.07276168,1.7811208
-5.7188416,-0.072351545,1.7885022
-5.7188416,-0.072351545,1.7885022
-5.6896267,-0.075647645,1.7984009
-5.6896267,-0.075647645,1.7984009
-5.6896267,-0.075647645,1.7984009
-5.6896267,-0.075647645,1.7984009
-5.6896267,-0.075647645,1.7984009
-5.6126795,-0.076998405,1.8262827
-5.5923204,-0.076877505,1.8335423
-5.5923204,-0.076877505,1.8335423
-5.5923204,-0.076877505,1.8335423
-5.552584,-0.07757904,1.84749
-5.545284,-0.077526465,1.8499134
-5.545284,-0.077526465,1.8499134
-5.545284,-0.077526465,1.8499134
-5.5075874,-0.075941496,1.8643895
-5.492307,-0.07520467,1.8700967
-5.492307,-0.07520467,1.8700967
-5.4712873,-0.07451197,1.8794266
-5.4712873,-0.07451197,1.8794266
-5.4510736,-0.0728915,1.8917553
-5.4510736,-0.0728915,1.8917553
-5.418057,-0.07102212,1.9108782
-5.418057,-0.07102212,1.9108782
-5.418057,-0.07102212,1.9108782
-5.418057,-0.07102212,1.9108782
-5.418057,-0.07102212,1.9108782
-5.418057,-0.07102212,1.9108782
-5.418057,-0.07102212,1.9108782
-5.418057,-0.07102212,1.9108782
-5.3329835,-0.06602403,1.9522227
-5.3329835,-0.06602403,1.9522227
-5.3190565,-0.06621766,1.9583938
-5.3190565,-0.06621766,1.9583938
-5.3190565,-0.06621766,1.9583938
-5.291029,-0.065455556,1.9720528
-5.269413,-0.066636845,1.9823043
-5.269413,-0.066636845,1.9823043
-5.269413,-0.066636845,1.9823043
-5.2481995,-0.066255175,1.9932419
-5.2481995,-0.066255175,1.9932419
-5.2481995,-0.066255175,1.9932419
-5.2481995,-0.066255175,1.9932419
-5.2481995,-0.066255175,1.9932419
-5.2481995,-0.066255175,1.9932419
-5.2481995,-0.066255175,1.9932419
-5.2481995,-0.066255175,1.9932419
-5.2481995,-0.066255175,1.9932419
-5.2481995,-0.066255175,1.9932419
-5.1759796,-0.06457781,2.0332854
-5.154798,-0.064410806,2.0435023
-5.154798,-0.064410806,2.0435023
-5.154798,-0.064410806,2.0435023
-5.1323566,-0.06421199,2.0526202
-5.1087184,-0.06450418,2.0624194
-5.1087184,-0.06450418,2.0624194
-5.0706363,-0.063446224,2.0759218
-5.0532794,-0.06429764,2.0812447
-5.0532794,-0.06429764,2.0812447
-5.030134,-0.063825876,2.0891786
-5.030134,-0.063825876,2.0891786
-5.030134,-0.063825876,2.0891786
-5.007636,-0.06464803,2.0959299
-5.007636,-0.06464803,2.0959299
-5.007636,-0.06464803,2.0959299
-4.9765606,-0.064001076,2.1062853
-4.956728,-0.06421992,2.1108518
-4.956728,-0.06421992,2.1108518
-4.956728,-0.06421992,2.1108518
-4.956728,-0.06421992,2.1108518
-4.956728,-0.06421992,2.1108518
-4.88261,-0.06530305,2.125849
-4.88261,-0.06530305,2.125849
-4.867999,-0.06546262,2.1279287
-4.837028,-0.064534575,2.1333654
-4.837028,-0.064534575,2.1333654
-4.8167205,-0.06497139,2.133964
-4.7939196,-0.06459248,2.1371343
-4.7939196,-0.06459248,2.1371343
-4.771519,-0.06528348,2.134443
-4.771519,-0.06528348,2.134443
-4.771519,-0.06528348,2.134443
-4.771519,-0.06528348,2.134443
-4.711306,-0.0637617,2.13591
-4.6964107,-0.062084526,2.134763
-4.6964107,-0.062084526,2.134763
-4.67371,-0.061174564,2.1377673
-4.67371,-0.061174564,2.1377673
-4.648705,-0.059526317,2.1402104
-4.648705,-0.059526317,2.1402104
-4.6140294,-0.058402568,2.1438298
-4.6140294,-0.058402568,2.1438298
-4.6140294,-0.058402568,2.1438298
-4.5858245,-0.05855788,2.145584
-4.5858245,-0.05855788,2.145584
-4.557925,-0.057885587,2.1465127
-4.557925,-0.057885587,2.1465127
-4.519298,-0.057732016,2.1490605
-4.519298,-0.057732016,2.1490605
-4.490889,-0.05704117,2.1499224
-4.460591,-0.05684535,2.1510818
-4.460591,-0.05684535,2.1510818
-4.460591,-0.05684535,2.1510818
-4.460591,-0.05684535,2.1510818
-4.460591,-0.05684535,2.1510818
-4.460591,-0.05684535,2.1510818
-4.460591,-0.05684535,2.1510818
-4.460591,-0.05684535,2.1510818
-4.3422976,-0.054141443,2.143062
-4.3324857,-0.05394485,2.1420252
-4.295035,-0.053742163,2.1347046
-4.276107,-0.053673178,2.1314957
-4.276107,-0.053673178,2.1314957
-4.2479916,-0.052689724,2.1274853
-4.2479916,-0.052689724,2.1274853
-4.2479916,-0.052689724,2.1274853
-4.227767,-0.054800034,2.1209302
-4.2042127,-0.055675738,2.109205
-4.2042127,-0.055675738,2.109205
-4.2042127,-0.055675738,2.109205
-4.2042127,-0.055675738,2.109205
-4.161929,-0.05379369,2.095633
-4.141404,-0.05290415,2.0916727
-4.141404,-0.05290415,2.0916727
-4.1193438,-0.05062059,2.084255
-4.104845,-0.049490303,2.0782332
-4.104845,-0.049490303,2.0782332
-4.085565,-0.048227012,2.071758
-4.085565,-0.048227012,2.071758
-4.085565,-0.048227012,2.071758
-4.041453,-0.047215164,2.056303
-4.041453,-0.047215164,2.056303
-4.026496,-0.04685708,2.0495334
-4.026496,-0.04685708,2.0495334
-4.026496,-0.04685708,2.0495334
-4.0031376,-0.045846045,2.0440638
-4.0031376,-0.045846045,2.0440638
-4.0031376,-0.045846045,2.0440638
-3.9826572,-0.045250207,2.0319903
-3.9826572,-0.045250207,2.0319903
-3.9826572,-0.045250207,2.0319903
-3.9826572,-0.045250207,2.0319903
-3.9826572,-0.045250207,2.0319903
-3.9826572,-0.045250207,2.0319903
-3.9177287,-0.04152963,2.004587
-3.9177287,-0.04152963,2.004587
-3.8959863,-0.04038331,1.9987268
-3.88115,-0.03941995,1.9946849
-3.88115,-0.03941995,1.9946849
-3.88115,-0.03941995,1.9946849
-3.8348284,-0.036753595,1.9819841
-3.8348284,-0.036753595,1.9819841
-3.8180447,-0.035616815,1.9762926
-3.8180447,-0.035616815,1.9762926
-3.8180447,-0.035616815,1.9762926
-3.8180447,-0.035616815,1.9762926
-3.8180447,-0.035616815,1.9762926
-3.8180447,-0.035616815,1.9762926
-3.7555547,-0.034144968,1.9585853
-3.7555547,-0.034144968,1.9585853
-3.738255,-0.034115374,1.9540615
-3.738255,-0.034115374,1.9540615
-3.738255,-0.034115374,1.9540615
-3.7156527,-0.032730155,1.9477856
-3.6942117,-0.03180794,1.9403763
-3.6942117,-0.03180794,1.9403763
-3.6724195,-0.03071644,1.9321615
-3.6724195,-0.03071644,1.9321615
-3.6613002,-0.029686045,1.9281197
-3.6613002,-0.029686045,1.9281197
-3.645289,-0.029954523,1.9210622
-3.645289,-0.029954523,1.9210622
-3.6242452,-0.029252937,1.9133855
-3.6242452,-0.029252937,1.9133855
-3.600156,-0.027323544,1.9020171
-3.600156,-0.027323544,1.9020171
-3.600156,-0.027323544,1.9020171
-3.600156,-0.027323544,1.9020171
-3.600156,-0.027323544,1.9020171
-3.600156,-0.027323544,1.9020171
-3.600156,-0.027323544,1.9020171
-3.600156,-0.027323544,1.9020171
-3.600156,-0.027323544,1.9020171
-3.5104797,-0.02015841,1.8677661
-3.5104797,-0.02015841,1.8677661
-3.5104797,-0.02015841,1.8677661
-3.4649534,-0.018958658,1.842767
-3.4649534,-0.018958658,1.842767
-3.457328,-0.019408097,1.8325286
-3.4405184,-0.015884032,1.8236761
-3.4405184,-0.015884032,1.8236761
-3.4405184,-0.015884032,1.8236761
-3.4405184,-0.015884032,1.8236761
-3.4405184,-0.015884032,1.8236761
-3.4318604,-0.015595427,1.8082951
-3.429973,-0.015725642,1.8066907
-3.429973,-0.015725642,1.8066907
-3.400396,-0.017848661,1.7990178
-3.400396,-0.017848661,1.7990178
-3.3869913,-0.01845926,1.7917447
-3.3869913,-0.01845926,1.7917447
-3.3711169,-0.018231114,1.786048
-3.3711169,-0.018231114,1.786048
-3.5467904,-0.04995073,2.0556207
-3.5467904,-0.04995073,2.0556207
-3.5288703,-0.050513893,2.049455
-3.523265,-0.05024433,2.0472856
-3.5113494,-0.049621087,2.0438511
-3.5113494,-0.049621087,2.0438511
-3.5113494,-0.049621087,2.0438511
-3.4914498,-0.04843393,2.031347
-3.4914498,-0.04843393,2.031347
-3.4914498,-0.04843393,2.031347
-3.4914498,-0.04843393,2.031347
-3.4914498,-0.04843393,2.031347
-3.4914498,-0.04843393,2.031347
-3.4352455,-0.050522,2.0003145
-3.4352455,-0.050522,2.0003145
-3.4352455,-0.050522,2.0003145
-3.4215474,-0.050474733,1.9939733
-3.4215474,-0.050474733,1.9939733
-3.4046648,-0.051394314,1.9893317
-3.377513,-0.05078427,1.9793483
-3.377513,-0.05078427,1.9793483
-3.3612287,-0.05170721,1.9732859
-3.340775,-0.051074516,1.96511
-3.340775,-0.051074516,1.96511
-3.340775,-0.051074516,1.96511
-3.340775,-0.051074516,1.96511
-3.340775,-0.051074516,1.96511
-3.340775,-0.051074516,1.96511
-3.2825599,-0.051179886,1.943465
-3.2825599,-0.051179886,1.943465
-3.2553556,-0.050901264,1.9372191
-3.2553556,-0.050901264,1.9372191
-3.1644645,-0.04439228,1.7551956
-3.1644645,-0.04439228,1.7551956
-3.1044407,-0.041977577,1.6647234
-3.098242,-0.04178658,1.6623739
-3.098242,-0.04178658,1.6623739
-3.0720487,-0.040682726,1.6521201
-3.0583265,-0.040910028,1.6456748
-3.0583265,-0.040910028,1.6456748
-3.0407233,-0.040399034,1.6366158
-3.0407233,-0.040399034,1.6366158
-3.0352838,-0.040734075,1.6282184
-3.0352838,-0.040734075,1.6282184
-3.0352838,-0.040734075,1.6282184
-3.0352838,-0.040734075,1.6282184
-3.0352838,-0.040734075,1.6282184
-3.0352838,-0.040734075,1.6282184
-3.0352838,-0.040734075,1.6282184
-3.0352838,-0.040734075,1.6282184
-3.014363,-0.04036679,1.6014186
-3.014363,-0.04036679,1.6014186
-3.0092993,-0.040118873,1.5974829
-3.0092993,-0.040118873,1.5974829
-3.0091438,-0.040810347,1.5928633
-3.0091438,-0.040810347,1.5928633
-3.0091438,-0.040810347,1.5928633
-3.000028,-0.04010445,1.5848975
-2.9903493,-0.039485335,1.5776033
-2.9903493,-0.039485335,1.5776033
-2.9903493,-0.039485335,1.5776033
-2.9903493,-0.039485335,1.5776033
-2.9903493,-0.039485335,1.5776033
-2.9903493,-0.039485335,1.5776033
-2.9608963,-0.039254896,1.5558597
-2.9608963,-0.039254896,1.5558597
-2.9608963,-0.039254896,1.5558597
-2.9480526,-0.038926315,1.5484718
-2.9480526,-0.038926315,1.5484718
-2.9480526,-0.038926315,1.5484718
-2.9306986,-0.03797257,1.5394005
-2.9306986,-0.03797257,1.5394005
-2.9153082,-0.037136994,1.5317261
-2.9153082,-0.037136994,1.5317261
-2.901754,-0.035831887,1.5237718
-2.901754,-0.035831887,1.5237718
-2.901754,-0.035831887,1.5237718
-2.901754,-0.035831887,1.5237718
-2.8793824,-0.034449726,1.513463
-2.8676963,-0.034117907,1.5074028
-2.8676963,-0.034117907,1.5074028
-2.8509746,-0.0330579,1.5010002
-2.8509746,-0.0330579,1.5010002
-2.8509746,-0.0330579,1.5010002
-2.8403914,-0.03310152,1.4974284
-2.8403914,-0.03310152,1.4974284
-2.8403914,-0.03310152,1.4974284
-2.8403914,-0.03310152,1.4974284
-2.8403914,-0.03310152,1.4974284
-2.8403914,-0.03310152,1.4974284
-2.8403914,-0.03310152,1.4974284
-2.8403914,-0.03310152,1.4974284
-2.8403914,-0.03310152,1.4974284
-2.763529,-0.030917585,1.4686666
-2.763529,-0.030917585,1.4686666
-2.747952,-0.030766657,1.4624162
-2.747952,-0.030766657,1.4624162
-2.747952,-0.030766657,1.4624162
-2.7285037,-0.030846715,1.4550543
-2.717,-0.030473769,1.4506902
-2.717,-0.030473769,1.4506902
-2.6982393,-0.029898068,1.4430544
-2.6982393,-0.029898068,1.4430544
-2.6982393,-0.029898068,1.4430544
-2.6982393,-0.029898068,1.4430544
-2.6551757,-0.02732718,1.4208666
-2.6551757,-0.02732718,1.4208666
-2.6551757,-0.02732718,1.4208666
-2.6551757,-0.02732718,1.4208666
-2.6389897,-0.026222795,1.4119647
-2.6239974,-0.02503413,1.4041853
-2.6239974,-0.02503413,1.4041853
-2.6239974,-0.02503413,1.4041853
-2.6094632,-0.02446276,1.3991622
-2.593757,-0.023353895,1.3916614
-2.593757,-0.023353895,1.3916614
-2.593757,-0.023353895,1.3916614
-2.5704637,-0.023083141,1.3825573
-2.5659416,-0.022788307,1.3807622
-2.5452187,-0.021582862,1.3709391
-2.5452187,-0.021582862,1.3709391
-2.5452187,-0.021582862,1.3709391
-2.5259395,-0.020280242,1.362783
-2.5259395,-0.020280242,1.362783
-2.5259395,-0.020280242,1.362783
-2.5259395,-0.020280242,1.362783
-2.5259395,-0.020280242,1.362783
-2.5259395,-0.020280242,1.362783
-2.4599712,-0.018821817,1.3344994
-2.4415956,-0.017812153,1.3293908
-2.4415956,-0.017812153,1.3293908
-2.4415956,-0.017812153,1.3293908
-2.4123976,-0.016000926,1.3196976
-2.4123976,-0.016000926,1.3196976
-2.4123976,-0.016000926,1.3196976
-2.4010255,-0.016262531,1.313362
-2.4010255,-0.016262531,1.313362
-2.3870177,-0.016807597,1.3029515
-2.3870177,-0.016807597,1.3029515
-2.3870177,-0.016807597,1.3029515
-2.3870177,-0.016807597,1.3029515
-2.3581653,-0.015716523,1.286155
-2.3581653,-0.015716523,1.286155
-2.3429692,-0.015008092,1.2779078
-2.332982,-0.015482515,1.2724066
-2.332982,-0.015482515,1.2724066
-2.3165143,-0.014445931,1.2639307
-2.3083088,-0.013992807,1.2594424
-2.3083088,-0.013992807,1.2594424
-2.3083088,-0.013992807,1.2594424
-2.2816336,-0.011758638,1.2489854
-2.2816336,-0.011758638,1.2489854
-2.2767823,-0.011447996,1.2467399
-2.2670808,-0.011079252,1.2417912
-2.2670808,-0.011079252,1.2417912
-2.2670808,-0.011079252,1.2417912
-2.2487369,-0.009921214,1.2327821
-2.2487369,-0.009921214,1.2327821
-2.2487369,-0.009921214,1.2327821
-2.2487369,-0.009921214,1.2327821
-2.2487369,-0.009921214,1.2327821
-2.2487369,-0.009921214,1.2327821
-2.2487369,-0.009921214,1.2327821
-2.2487369,-0.009921214,1.2327821
-2.1806788,-0.0077342093,1.1999437
-2.1806788,-0.0077342093,1.1999437
-2.1625497,-0.006678563,1.1900064
-2.151406,-0.006200692,1.1857558
-2.151406,-0.006200692,1.1857558
-2.1375766,-0.0052951486,1.1787183
-2.1375766,-0.0052951486,1.1787183
-2.1260521,-0.0043758154,1.1736583
-2.1260521,-0.0043758154,1.1736583
-2.1260521,-0.0043758154,1.1736583
-2.1066446,-0.0030927567,1.1636698
-2.1066446,-0.0030927567,1.1636698
-2.1066446,-0.0030927567,1.1636698
-2.1066446,-0.0030927567,1.1636698
-2.1066446,-0.0030927567,1.1636698
-2.0825179,-0.0012203753,1.1511948
-2.0825179,-0.0012203753,1.1511948
-2.0736303,-0.0023218303,1.1466298
-2.0736303,-0.0023218303,1.1466298
-2.0736303,-0.0023218303,1.1466298
-2.0513015,-0.0012383669,1.1346939
-2.0513015,-0.0012383669,1.1346939
-2.0430095,-0.002331376,1.1309721
-2.0430095,-0.002331376,1.1309721
-2.0430095,-0.002331376,1.1309721
-2.019449,-0.0015225708,1.1191816
-2.0147438,-0.0013107687,1.1167518
-1.9952276,-0.0001283288,1.1066942
-1.9952276,-0.0001283288,1.1066942
-1.9814811,-0.00048403136,1.1001366
-1.9814811,-0.00048403136,1.1001366
-1.9590807,-0.00023546815,1.0884637
-1.9544897,-7.574853e-05,1.086332
-1.9544897,-7.574853e-05,1.086332
-1.9544897,-7.574853e-05,1.086332
-1.9544897,-7.574853e-05,1.086332
-1.9544897,-7.574853e-05,1.086332
-1.9544897,-7.574853e-05,1.086332
-1.8966885,0.0028781088,1.0537182
-1.8966885,0.0028781088,1.0537182
-1.8803968,0.0032378912,1.0438828
-1.8666843,0.004306048,1.0354959
-1.8666843,0.004306048,1.0354959
-1.8525696,0.004852414,1.0275338
-1.8525696,0.004852414,1.0275338
-1.8344417,0.0059524775,1.0166378
-1.8344417,0.0059524775,1.0166378
-1.8344417,0.0059524775,1.0166378
-1.8344417,0.0059524775,1.0166378
-1.7924278,0.0073747635,0.9908179
-1.7878664,0.0076896637,0.9881338
-1.7878664,0.0076896637,0.9881338
-1.7707418,0.009036193,0.97467905
-1.7707418,0.009036193,0.97467905
-1.7707418,0.009036193,0.97467905
-1.7575755,0.009218097,0.9606638
-1.7575755,0.009218097,0.9606638
-1.7575755,0.009218097,0.9606638
-1.7402024,0.008929211,0.9432299
-1.7402024,0.008929211,0.9432299
-1.7331799,0.009226948,0.93500954
-1.7331799,0.009226948,0.93500954
-1.714291,0.010881433,0.9123267
-1.714291,0.010881433,0.9123267
-1.7079504,0.011408389,0.90389
-1.6973681,0.011969516,0.89031625
-1.6973681,0.011969516,0.89031625
-1.6875296,0.012708465,0.87715966
-1.6875296,0.012708465,0.87715966
-1.6875296,0.012708465,0.87715966
-1.6875296,0.012708465,0.87715966
-1.6875296,0.012708465,0.87715966
-1.6875296,0.012708465,0.87715966
-1.6464791,0.016139865,0.81881636
-1.6464791,0.016139865,0.81881636
-1.637774,0.016862163,0.8062742
-1.637774,0.016862163,0.8062742
-1.6273829,0.017707655,0.7945615
-1.6273829,0.017707655,0.7945615
-1.6155138,0.018498251,0.78411436
-1.6155138,0.018498251,0.78411436
-1.5978854,0.01959169,0.7725928
-1.5978854,0.01959169,0.7725928
-1.5832583,0.01985547,0.7638399
-1.5832583,0.01985547,0.7638399
-1.5832583,0.01985547,0.7638399
-1.5832583,0.01985547,0.7638399
-1.549688,0.021303216,0.74061847
-1.5357213,0.021709988,0.7328229
-1.5357213,0.021709988,0.7328229
-1.5204082,0.022366554,0.72292775
-1.5204082,0.022366554,0.72292775
-1.5204082,0.022366554,0.72292775
-1.5204082,0.022366554,0.72292775
-1.4905987,0.023736844,0.70281976
-1.4905987,0.023736844,0.70281976
-1.4905987,0.023736844,0.70281976
-1.4652421,0.025688726,0.6854997
-1.4555162,0.026435018,0.67868435
-1.4555162,0.026435018,0.67868435
-1.4410083,0.026269823,0.67017955
-1.4410083,0.026269823,0.67017955
-1.4410083,0.026269823,0.67017955
-1.4410083,0.026269823,0.67017955
-1.4410083,0.026269823,0.67017955
-1.4410083,0.026269823,0.67017955
-1.4410083,0.026269823,0.67017955
-1.4410083,0.026269823,0.67017955
-1.4410083,0.026269823,0.67017955
-1.4410083,0.026269823,0.67017955
-1.3440907,0.030204872,0.6020281
-1.3440907,0.030204872,0.6020281
-1.3440907,0.030204872,0.6020281
-1.3289162,0.030929992,0.58996385
-1.3289162,0.030929992,0.58996385
-1.3289162,0.030929992,0.58996385
-1.3289162,0.030929992,0.58996385
-1.3289162,0.030929992,0.58996385
-1.308218,0.031107236,0.567813
-1.2935001,0.02997158,0.5526091
-1.2935001,0.02997158,0.5526091
-1.2820904,0.030644119,0.5364131
-1.2820904,0.030644119,0.5364131
-1.2820904,0.030644119,0.5364131
-1.2820904,0.030644119,0.5364131
-1.2466104,0.02868199,0.49986845
-1.2418984,0.028703729,0.49532363
-1.2231222,0.029218316,0.47668836
-1.2231222,0.029218316,0.47668836
-1.2231222,0.029218316,0.47668836
-1.2027838,0.028659293,0.4556753
-1.1982481,0.02876231,0.45092997
-1.1982481,0.02876231,0.45092997
-1.1982481,0.02876231,0.45092997
-1.1982481,0.02876231,0.45092997
-1.1982481,0.02876231,0.45092997
-1.1777035,0.028560963,0.43052512
-1.1687756,0.02895078,0.42157483
-1.1687756,0.02895078,0.42157483
-1.1586533,0.028776761,0.40931255
-1.1586533,0.028776761,0.40931255
-1.1495172,0.028999606,0.39758867
-1.1495172,0.028999606,0.39758867
-1.1319398,0.02977551,0.3790202
-1.1319398,0.02977551,0.3790202
